"A","B","<"
1,1,0
-0.245020687580109,-0.796441875398159,0
-0.206022239755839,0.133713447954506,1
0.268796456046402,0.368978761136532,1
0.286246375180781,-0.61492633447051,0
0.861826957669109,0.809873437974602,0
-0.513663829769939,-0.881251291837543,0
-0.0486215720884502,0.893066921271384,1
0.470219578593969,-0.302084582392126,0
0.282242734916508,0.241319704335183,0
0.156738900579512,0.0230501322075725,0
0.555882411077619,0.757420512381941,1
0.713242053054273,0.452923461794853,0
-0.627205293625593,-0.0548510607331991,1
-0.53355676215142,0.588249345775694,1
-0.238675279542804,0.465766809880733,1
0.649561644066125,0.333563182968646,0
-0.184006528463215,-0.99343661731109,0
0.654325927142054,-0.0331696472130716,0
-0.0893650990910828,0.368559492286295,1
-0.990648650564253,0.300844983197749,1
-0.360456594265997,0.510553903877735,1
0.498851166106761,-0.804598878137767,0
0.29805145226419,-0.652602442540228,0
0.809714512433857,-0.012257840950042,0
0.465499892365187,0.196497610304505,0
-0.753881293348968,-0.65744391316548,1
-0.273258573375642,-0.211320801638067,1
0.454666612204164,0.922442307230085,1
-0.614633946679533,-0.842660420108587,0
0.826594580430537,-0.855387061368674,0
-0.543167790863663,0.668769824318588,1
0.418475653510541,0.832111568190157,1
0.875809342134744,0.0324102165177464,0
0.180726575199515,0.367291609756649,1
0.249529865104705,-0.4358453839086,0
0.775881562847644,-0.468889053445309,0
-0.560536169912666,0.0605640816502273,1
0.165617093443871,-0.494634347502142,0
-0.788657567929476,-0.0968850301578641,1
-0.519337044097483,0.545342810917646,1
-0.771048925817013,-0.213835134636611,1
0.530921267811209,0.231576913036406,0
-0.578827624209225,0.699093132745475,1
-0.73080308130011,0.702205535024405,1
0.853326710872352,-0.121646353974938,0
0.543292528018355,-0.801912974566221,0
0.599981212522835,0.403799427207559,0
0.28964579757303,-0.19839031714946,0
0.870438402052969,-0.222151721827686,0
0.94709066208452,0.769510554615408,0
0.600806825328618,0.950392680242658,1
0.716157749295235,0.605741415638477,0
0.913485258352011,0.016531185247004,0
0.0673024738207459,-0.581074819900095,0
0.815241338685155,-0.856827628798783,0
-0.427194097079337,0.679894093424082,1
0.0774237611331046,-0.152317080646753,0
0.441840372048318,0.258223155047745,0
-0.833336636424065,-0.43776091048494,1
-0.0639062020927668,-0.650093195028603,0
0.644347570836544,0.39311259239912,0
-0.0517044202424586,-0.278289645444602,0
0.895096771419048,-0.549678373616189,0
-0.762994831427932,-0.474484146572649,1
-0.109378493856639,0.220559733919799,1
-0.835678528994322,0.0904879285953939,1
-0.39037573710084,0.371899507474154,1
-0.54607755318284,-0.782984764780849,0
0.873204145114869,-0.648372690659016,0
0.4857457424514,0.694251199252903,1
0.482588647399098,-0.497591743711382,0
-0.591788516845554,0.933003878220916,1
-0.68508401978761,0.240673150401562,1
-0.470926766749471,-0.717554236762226,0
0.963743850123137,0.0385727994143963,0
-0.168390417471528,-0.321401222608984,0
0.224929488729686,-0.510854575783014,0
-0.147075781133026,0.833167551085353,1
0.596760782413185,-0.915623387787491,0
-0.635589953977615,0.709263260941952,1
0.587532347533852,-0.410981523338705,0
0.837370526976883,0.0268337288871408,0
0.0858338354155421,0.669256646651775,1
0.260765012353659,-0.420055216643959,0
-0.880750300362706,0.117761852685362,1
-0.501375657971948,0.390588773880154,1
0.331168807577342,0.846178249455988,1
-0.310219325125217,-0.0459171961992979,1
0.136514954268932,0.38925075950101,1
-0.11926703248173,-0.676751723513007,0
-0.645612837281078,-0.943030093796551,0
-0.555364861153066,-0.902999348938465,0
-0.894719011615962,-0.688472948502749,1
0.216660705395043,0.0510135916993022,0
-0.237271452322602,0.458762804977596,1
-0.140954985283315,-0.663871038239449,0
0.16271669883281,0.431396078318357,1
0.990921679418534,0.836410553660244,0
-0.938679246231914,0.0805777185596526,1
0.110100251622498,0.703991024754941,1
0.279356059152633,-0.983515423722565,0
0.149825282860547,-0.210712920874357,0
-0.238982429727912,-0.67918860912323,0
0.49207461392507,0.315985807217658,0
0.916939997114241,0.339371217414737,0
0.288513845298439,-0.404536284506321,0
0.711330831050873,-0.0728775812312961,0
0.731906044762582,-0.518486042972654,0
0.588127487339079,-0.0504765254445374,0
0.595345355570316,-0.79458946082741,0
0.882946086116135,-0.277349055744708,0
0.941455788444728,-0.30294325016439,0
-0.402814003638923,0.588290649466217,1
0.310193156357855,-0.614973221439868,0
-0.485458420123905,-0.683957146015018,0
-0.500050215516239,0.146911110728979,1
0.107728593051434,-0.641010359395295,0
-0.892071708571166,-0.230105865281075,1
0.0659959730692208,0.0561953466385603,0
-0.701967908535153,-0.308356736786664,1
-0.37776935659349,-0.393439551815391,0
0.521568565163761,-0.219089048914611,0
-0.260010331869125,0.455531421117485,1
0.32599802268669,0.0764609975740314,0
0.84341455809772,0.0321523547172546,0
-0.313232824206352,-0.350219203624874,0
-0.879413216840476,0.102971066720784,1
-0.426379818003625,-0.815469613764435,0
-0.598518030717969,0.569683123379946,1
0.35231810156256,0.697782305534929,1
-0.973126637749374,-0.145476428791881,1
0.973632527515292,-0.0893082809634507,0
0.126912329345942,0.922654707916081,1
-0.642281252890825,0.649188133887947,1
0.00411677593365312,0.013412291649729,1
0.274407350458205,-0.940681705251336,0
-0.638000465929508,0.755128592718393,1
-0.722781318705529,-0.431802098639309,1
-0.651568285189569,0.545021096710116,1
-0.0686386665329337,-0.557756470516324,0
-0.218918624334037,-0.766468120273203,0
0.643035870045424,-0.40652118017897,0
0.748270736075938,0.320978083182126,0
-0.414917627815157,0.317016704007983,1
0.661534967832267,0.805005397181958,1
0.325304563622922,0.387848543003201,1
0.300848988816142,-0.305197414010763,0
-0.430831097997725,-0.283153628464788,1
0.165917634032667,0.322840210981667,1
-0.610157159622759,-0.221143079921603,1
0.298421095125377,0.986241535749286,1
0.571487871464342,0.630471101030707,1
0.359343586023897,-0.239410469308496,0
0.744897979311645,-0.87637323141098,0
-0.204549516085535,0.0289829368703067,1
-0.858583558350801,-0.663345700129867,1
0.558322905097157,0.259838195051998,0
-0.074843330308795,-0.89495415519923,0
-0.264423268847167,-0.185519991908222,1
0.850980460643768,0.779285429511219,0
-0.657499863300472,-0.67218059906736,0
0.371191129088402,-0.550619653891772,0
0.390326196793467,0.479642409365624,1
-0.191930023021996,-0.901277363765985,0
-0.841729089617729,-0.464093598071486,1
-0.792577015701681,-0.0970214195549488,1
0.99824587861076,-0.737302428111434,0
-0.219516592100263,0.47420433210209,1
-0.771322467830032,-0.912232966162264,0
0.14473443152383,-0.782634147442877,0
0.775325403083116,0.383992543444037,0
0.903434249106795,-0.0116671393625438,0
0.916572818066925,-0.746108173858374,0
0.682866704184562,-0.0158876487985253,0
-0.133773075882345,-0.717116263695061,0
0.679777540266514,0.695319767575711,1
0.263331759721041,0.301805367693305,1
-0.772982056252658,-0.994604153092951,0
0.467635111883283,0.000470465980470181,0
-0.79109539790079,-0.0621055262163281,1
0.956270777620375,0.818430442363024,0
-0.165380180347711,0.205040588974953,1
-0.329854892101139,-0.0438497187569737,1
-0.693393532186747,-0.512941887136549,1
0.388691153842956,-0.230020185001194,0
-0.835318016353995,0.13248577201739,1
-0.738600180484354,-0.922729338519275,0
-0.133467989973724,0.42825022013858,1
0.084212648216635,0.709766232408583,1
0.632306423969567,0.181307645048946,0
-0.61854555318132,-0.69816482020542,0
-0.583041398786008,-0.602343969978392,0
0.0631493469700217,-0.384511948563159,0
0.147337048780173,-0.801931221969426,0
0.891652090474963,0.50693964259699,0
0.602118094917387,-0.14330547163263,0
-0.464858896564692,-0.722521951887757,0
0.3612090642564,0.42078740010038,1
0.585419083945453,-0.933811638038605,0
-0.773853776045144,0.884126368910074,1
0.454037773888558,-0.852152561303228,0
0.422146691475064,0.162262676749378,0
-0.497438110411167,0.9130679811351,1
0.374147151596844,-0.500571770593524,0
0.191477772779763,-0.849092256743461,0
0.372243440244347,0.931776622310281,1
-0.32601231476292,0.789631309919059,1
0.78498332714662,-0.459694283548743,0
0.0681856572628021,0.622825603932142,1
0.754043817985803,-0.845294759608805,0
0.334912783931941,-0.654123764485121,0
-0.500764233991504,0.357803079299629,1
0.210668329149485,-0.337220884859562,0
-0.0496947001665831,0.432696516159922,1
-0.962993344757706,-0.0954085537232459,1
-0.614651694428176,-0.0520144775509834,1
-0.888913441915065,0.420925476588309,1
0.96015987964347,-0.333441590890288,0
-0.678487077821046,-0.877779222559184,0
-0.986182206775993,0.883774794172496,1
-0.101263544056565,0.990528952330351,1
-0.556374524720013,-0.440119168721139,1
0.266967378091067,-0.0173708004876971,0
0.512256264220923,0.705936911515892,1
0.261334375012666,0.00426863459870219,0
0.950487508438528,-0.27014466188848,0
-0.578661561012268,0.70337196951732,1
-0.793901833239943,0.56865789135918,1
0.359233840834349,-0.138539938256145,0
-0.245600202120841,-0.603271556086838,0
0.482395225670189,-0.888519063591957,0
0.203796575777233,0.481754390988499,1
0.574351127259433,-0.467486932873726,0
0.150448554195464,-0.0491287745535374,0
-0.354912217706442,0.058310130611062,1
0.22264718869701,0.167831510771066,0
-0.170845907647163,-0.744943750556558,0
-0.0976341045461595,-0.275526213459671,0
-0.729538872372359,0.720174483489245,1
-0.917740168981254,-0.716298045124859,1
0.797948278021067,0.0838618515990674,0
0.151678221300244,-0.474811534862965,0
0.0947180418297648,-0.230806471314281,0
0.206976134795696,-0.709030080586672,0
0.282447360921651,0.194967478513718,0
0.660733365919441,0.813743146136403,1
-0.889015911146998,-0.00509868515655398,1
-0.214052954223007,0.137107348069549,1
0.158222671132535,-0.94093164568767,0
-0.967499236576259,0.626179132610559,1
-0.794920261017978,0.0237375064752996,1
-0.777221176307648,-0.874462651554495,0
0.548240954522043,0.138773572165519,0
-0.447167146019638,0.66796628665179,1
0.967592270579189,0.963937093038112,0
-0.392450166866183,0.74977640574798,1
-0.829704267904162,0.315701998304576,1
0.314914034213871,0.517402748111635,1
-0.968315626028925,0.403712491970509,1
0.771751787513494,0.383443620987236,0
0.262801359407604,0.861705708317459,1
-0.878867167048156,0.223312884103507,1
0.11823749076575,0.0397677924484015,0
-0.932790895458311,0.800290243234485,1
-0.436772686429322,-0.271503318566829,1
-0.973364686127752,0.581509402021766,1
0.187309819273651,-0.385265006683767,0
-0.0209746630862355,-0.28743134951219,0
0.998620176687837,-0.615528355352581,0
0.805824019480497,0.0432931571267545,0
0.907724068500102,0.441285965498537,0
0.395053755957633,0.17081758286804,0
-0.824681831058115,0.868091004900634,1
0.569890987593681,-0.965434991754591,0
-0.583985161036253,0.389074272010475,1
-0.409211222548038,0.0154997720383108,1
0.884063697420061,-0.0626586638391018,0
0.527789795771241,-0.291692195925862,0
-0.168764383997768,0.275603401008993,1
0.122910398989916,-0.916867843363434,0
-0.0629459973424673,0.384326862636954,1
-0.883551070932299,-0.413073204923421,1
0.761508549097925,0.479819459374994,0
-0.819598796777427,-0.756402337457985,1
-0.0442210915498435,0.057114995084703,1
-0.518318818882108,-0.905321246013045,0
-0.413384808693081,-0.0383126577362418,1
-0.425591534469277,0.712093295995146,1
0.321719774976373,0.869786269497126,1
0.240244047250599,0.132901939563453,0
0.519989926367998,-0.429463645908982,0
-0.778074492700398,0.801201498601586,1
-0.601099363062531,-0.900411041919142,0
-0.799323048908263,-0.294669625815004,1
0.881163716316223,-0.69242301536724,0
0.596364640630782,-0.363884391263127,0
-0.663231302984059,-0.512756339740008,1
0.335256775841117,0.582905294373631,1
-0.435794548131526,-0.313241869676858,1
0.18999980809167,0.331112572923303,1
0.592601377516985,0.271686339285225,0
-0.341986774001271,-0.957975592464209,0
-0.0442237574607134,-0.740927466657013,0
0.406989117152989,0.699181030038744,1
-0.990442845504731,-0.890924922190607,1
-0.922743132803589,-0.469692963641137,1
-0.37723700935021,-0.51156065473333,0
-0.292205614037812,-0.598711565602571,0
-0.266743325162679,0.632992391474545,1
0.713272771332413,-0.415972103830427,0
-0.752690329216421,0.76507046027109,1
-0.577297172509134,0.0873039793223143,1
0.26912414142862,0.687118984758854,1
-0.740899217315018,0.472177014686167,1
-0.39972820552066,-0.48875866131857,0
-0.0921607301570475,-0.992879311088473,0
0.636798406485468,-0.663429307751358,0
-0.246365050319582,0.653992005158216,1
0.119901510421187,-0.939505132380873,0
0.225163973402232,-0.999457970727235,0
-0.127436157781631,-0.357604513410479,0
-0.46885787229985,0.588522973936051,1
-0.476172892842442,0.510127008426934,1
0.156693456694484,0.763887456152588,1
-0.889675468206406,0.362338880542666,1
-0.841640957165509,-0.407547447830439,1
0.591972338501364,0.609686005860567,1
0.791519110556692,-0.912942436523736,0
-0.192117228172719,0.810478470753878,1
-0.706815358716995,-0.0405310662463307,1
0.618332734331489,-0.610279804095626,0
-0.605782570783049,0.279628199525177,1
-0.753137219697237,-0.135316163767129,1
-0.343859435524791,-0.964157406706363,0
-0.73698317958042,0.801763681694865,1
-0.233173432294279,0.393917053472251,1
-0.446670993231237,-0.368632001802325,1
-0.768644485156983,0.0882692625746131,1
0.000502745155245066,0.909542908892035,1
0.0775530156679451,-0.438113992102444,0
-0.443893842864782,0.807753027416766,1
-0.555356952827424,0.391740835271776,1
-0.688551011495292,-0.774954092688859,0
0.315763489808887,0.444929711055011,1
0.874364273156971,-0.223570471163839,0
0.979385182261467,0.266018853057176,0
0.752853326033801,-0.357942877802998,0
0.0167340510524809,0.0921306735835969,1
0.847949157468975,0.26148917991668,0
-0.0508260983042419,-0.524757868144661,0
0.234886361751705,0.769125831313431,1
0.986709169577807,-0.543888283893466,0
-0.204708703793585,0.129978005308658,1
-0.450063905678689,0.391204886138439,1
0.473212100099772,-0.340289271436632,0
0.378281611017883,0.238951748237014,0
0.318066519219428,0.904324383474886,1
-0.512390343938023,0.666455706581473,1
-0.227284531574696,-0.426785312127322,0
0.882751622237265,-0.778333691880107,0
-0.979774849954993,-0.740256133954972,1
-0.365835357457399,-0.636886148247868,0
0.718473870772868,0.574642387218773,0
0.434350420720875,-0.309453953057528,0
-0.0288865412585437,-0.317722686566412,0
-0.121691541280597,0.177065382245928,1
-0.106039985083044,-0.162090671714395,0
0.810164985712618,-0.061990502756089,0
-0.356053588911891,0.495988039299846,1
0.229926673229784,-0.343144999351352,0
0.343979320023209,0.946262809447944,1
0.00448299245908856,-0.100051123648882,0
0.36343132192269,-0.611112697049975,0
-0.197984639089555,0.818851883523166,1
0.717328715603799,0.434245798736811,0
-0.149450873024762,-0.913401108700782,0
-0.377515404950827,0.953445605933666,1
0.301236717030406,0.662556796334684,1
-0.562987940385938,0.493008689023554,1
-0.0722383768297732,-0.446642424445599,0
0.837186208926141,0.811552749015391,0
-0.904041719157249,0.133561887778342,1
0.289421804714948,-0.110814145300537,0
0.0497245332226157,0.373267399147153,1
-0.187229719478637,-0.468044968321919,0
0.773598025552928,-0.0878304280340672,0
-0.646826684009284,0.797582120168954,1
0.232462083920836,-0.731716011185199,0
-0.506165161728859,-0.0235582706518471,1
-0.391345637384802,-0.898880832828581,0
-0.031328116543591,-0.285792981274426,0
-0.561132063623518,0.0471309944987297,1
-0.225355270318687,-0.681629767175764,0
0.962664887774736,0.808200204279274,0
-0.725693010725081,-0.205440499819815,1
-0.604739637579769,-0.311658028513193,1
-0.966314507648349,-0.80596881872043,1
-0.743624741677195,-0.895433925557882,0
0.846630069892853,0.169712042436004,0
0.65352725982666,-0.101206279825419,0
0.736409023869783,0.947726914193481,1
-0.112556321080774,0.832642359193414,1
-0.0979345222003758,-0.100878403522074,0
0.154554489534348,-0.0273885428905487,0
0.515816866420209,0.57200552104041,1
0.667197713628411,-0.671880666166544,0
0.316074644215405,0.950541812926531,1
0.142510938923806,-0.0271387430839241,0
-0.113162342924625,-0.0920307151973248,1
-0.273596891667694,0.38665431831032,1
0.333280008751899,-0.824529399629682,0
0.18970558559522,0.141007279977202,0
0.800647110678256,0.134378376882523,0
-0.889121018350124,0.773491195403039,1
-0.122409420087934,-0.324198703281581,0
-0.805250805802643,-0.584449279587716,1
0.708565111272037,0.453747588675469,0
0.521744757890701,-0.424981840886176,0
0.373869504313916,0.920338870491832,1
0.981810210738331,0.968906435184181,0
0.0178327807225287,0.560096238739789,1
0.910629253834486,0.734414842911065,0
0.719712425023317,-0.489326793700457,0
-0.667343487497419,0.0952591872774065,1
0.0883160191588104,-0.564516838639975,0
0.68840718222782,0.599279181100428,0
-0.747484929393977,0.351396776270121,1
-0.473262942396104,-0.0491546401754022,1
-0.67258779425174,-0.858992130029947,0
-0.508300985675305,0.318179797381163,1
0.371541008818895,-0.964257724583149,0
-0.244447316974401,0.27828617207706,1
-0.173161558806896,0.505484795663506,1
0.0290527702309191,0.931348253041506,1
-0.138161649927497,0.0515195955522358,1
-0.478421362116933,-0.837092407979071,0
-0.835142113734037,-0.090675204526633,1
-0.195700597018003,0.555057306773961,1
-0.437400668859482,-0.154191261157393,1
-0.436345802154392,0.0462889927439392,1
0.437670281156898,0.592951320577413,1
0.423751346301287,-0.666765065398067,0
-0.0381317571736872,-0.19564215792343,0
0.57033506501466,-0.955548756290227,0
0.374435774050653,0.396862590219826,1
0.425734315998852,-0.572611426468939,0
0.908001664560288,0.307583502493799,0
-0.473108341451734,0.0326172295026481,1
0.438628331292421,0.464608702808619,1
0.641197181306779,-0.919260606635362,0
0.507846867199987,0.752766556106508,1
0.18591980682686,-0.537658783607185,0
-0.763144539203495,0.147449015174061,1
-0.178323214873672,-0.3783257920295,0
0.333699814975262,-0.529854814521968,0
-0.221899017225951,0.600415072403848,1
-0.305695709306747,0.143201800528914,1
0.670939167495817,-0.78798877960071,0
-0.316836144309491,0.891660169698298,1
-0.642243789043278,-0.312209216877818,1
-0.60523964650929,0.234417177736759,1
0.933209142182022,0.191586872097105,0
0.917177871800959,-0.25733991060406,0
0.617647008504719,0.832654870115221,1
-0.91649501118809,-0.896587836556137,1
-0.689464070368558,-0.12278293678537,1
0.673146084882319,-0.294652573298663,0
0.434165571350604,0.642796190455556,1
0.247155583463609,-0.310165733098984,0
-0.624025680590421,-0.139888253062963,1
0.256148711312562,-0.257222349289805,0
0.338471823837608,0.883088334463537,1
-0.697282479610294,0.78948693163693,1
-0.716375755611807,-0.599322458263487,1
0.223248608410358,-0.548929539974779,0
-0.785720922984183,0.353456876240671,1
-0.221705085132271,-0.500532343052328,0
-0.403364810626954,0.913755793124437,1
-0.29730927804485,-0.707109576556832,0
-0.0235822694376111,-0.727385479956865,0
-0.622613388113678,-0.768145284149796,0
0.892135343514383,0.45223109703511,0
0.73505821172148,-0.209104740060866,0
-0.382761390414089,-0.250494290608913,1
0.149840513244271,0.802763687912375,1
0.806558867916465,-0.261249574832618,0
-0.097077514976263,0.637339282315224,1
-0.482206297572702,0.456364923622459,1
-0.962845453992486,-0.514930363744497,1
-0.551129841711372,-0.709041554480791,0
-0.68198978761211,0.543627234641463,1
-0.3492470853962,0.313393605407327,1
-0.110186925623566,-0.235774869564921,0
-0.95926306815818,-0.431419361382723,1
-0.411621523089707,-0.636110264342278,0
-0.909074846189469,-0.520484634209424,1
0.489301323890686,-0.732250546105206,0
-0.672649485524744,-0.254768774844706,1
-0.478897557128221,-0.598601700272411,0
0.0209330124780536,0.18176432326436,1
-0.102532611694187,0.736347428057343,1
-0.611366976052523,0.923686818219721,1
0.8138517299667,-0.366622586734593,0
-0.171842694748193,0.456993797793984,1
0.512640477158129,0.11646849475801,0
0.593502010218799,-0.258026617579162,0
0.631317904684693,0.0472790286876261,0
-0.797928613610566,-0.771427818574011,1
-0.442362966947258,0.375915822573006,1
-0.663634212687612,-0.37832917785272,1
0.839425093028694,0.196557267569005,0
0.775803102180362,0.716622879728675,0
-0.381595856044441,0.523388733156025,1
0.112587324809283,-0.989226380363107,0
0.918726395815611,0.374983986373991,0
-0.929404581896961,0.781720800325274,1
0.0384100903756917,0.22637970559299,1
0.213928917422891,0.251584699377418,1
-0.567452745512128,0.166029726620764,1
0.517546086572111,-0.190334272105247,0
-0.39335612533614,0.914759427774698,1
-0.0348250167444348,-0.647129200864583,0
0.46303817583248,-0.0248067565262318,0
-0.556531965266913,-0.441203743219376,1
0.20461187325418,-0.0668789106421173,0
-0.404129650443792,0.264002915937454,1
-0.497372738551348,0.181019941810519,1
-0.656152630224824,0.181096207350492,1
0.801370987668633,-0.238318110350519,0
0.373030385468155,0.511343807913363,1
-0.177950909826905,-0.0429311711341143,1
0.377330468967557,0.944276839029044,1
0.894980735145509,-0.765263686422259,0
-0.675831104628742,0.90116776432842,1
-0.0403420170769095,0.167399232275784,1
-0.808514282107353,-0.842631213366985,0
0.964457475580275,0.958587065339088,0
0.745113388635218,-0.880046113859862,0
0.498571744188666,-0.754740890115499,0
-0.656030107289553,0.596189777832478,1
0.830695949029177,0.140676833689213,0
0.909507881850004,0.17590770823881,0
0.00126298423856497,-0.445812331978232,0
0.938298649620265,-0.292120554018766,0
-0.709203212056309,-0.270769458264112,1
-0.787813897710294,-0.643478767480701,1
0.654741962905973,-0.667357730213553,0
0.126929683145136,-0.99579384829849,0
-0.386758006177843,0.429237461648881,1
-0.13064171327278,-0.668385592289269,0
-0.795736903790385,-0.510261143557727,1
-0.897606379818171,0.450232290662825,1
0.467369459103793,-0.63595228921622,0
0.200223458465189,-0.873672160319984,0
0.745302534196526,0.0638748616911471,0
0.205146767664701,0.259995763190091,1
0.824451865628362,0.593416034709662,0
-0.171842601150274,-0.746192076709121,0
-0.57933498872444,0.298704174812883,1
-0.398420321755111,-0.43059823801741,0
0.917250317521393,0.894988119136542,0
0.668687643948942,-0.836658181156963,0
0.851007477845997,0.425581302028149,0
-0.736550768837333,-0.578013921156526,1
-0.794282708782703,-0.875405153259635,0
-0.249630172271281,0.613816788885742,1
-0.995814630761743,-0.214487819001079,1
0.237998872995377,-0.702071152627468,0
-0.801860696170479,-0.958535779733211,0
0.540443829260767,-0.138063549995422,0
-0.594159826636314,-0.53749623009935,1
0.304914915934205,-0.972545385360718,0
0.378864221274853,-0.683109034784138,0
0.202996437437832,0.530392957851291,1
0.121568010188639,0.651561574079096,1
0.980083182454109,-0.205050064716488,0
0.515399704687297,-0.436254314146936,0
0.945914954412729,-0.808655210305005,0
-0.513119630049914,-0.941759016364813,0
-0.594822104088962,0.359257291536778,1
-0.536268536467105,-0.415406136773527,1
0.703898367006332,0.653702858369797,0
0.106026383582503,0.965940383728594,1
-0.72434398997575,-0.87907224195078,0
0.430299573112279,0.736457821447402,1
-0.987869778648019,0.648337678983808,1
0.312614323105663,0.1411233083345,0
-0.328996326308697,-0.995637726504356,0
-0.060554962605238,-0.130058329086751,0
-0.910306270699948,-0.881255415268242,1
-0.137021576985717,0.639512198977172,1
-0.173636131454259,0.17244028672576,1
-0.533671977929771,0.696444764267653,1
-0.464811606798321,0.508067119400948,1
0.529330185148865,0.0598930693231523,0
0.678695996757597,-0.56643717829138,0
-0.0028296522796154,0.519008697941899,1
0.048614414408803,-0.726602348964661,0
0.17208582861349,0.257773295044899,1
-0.339725103229284,-0.921336165629327,0
0.0239345282316208,0.975356844719499,1
0.559661988168955,-0.378382350318134,0
0.56014518160373,-0.955407681874931,0
-0.616676431614906,-0.853432445321232,0
-0.396540481131524,0.727894534822553,1
-0.111677200999111,-0.0207390487194061,1
0.955269308295101,-0.773261572699994,0
-0.932967430911958,0.577794335782528,1
-0.473897790070623,-0.335243322420865,1
0.0130282174795866,-0.142110941465944,0
-0.0600953451357782,-0.548468245193362,0
-0.558422305155545,-0.899035964161158,0
-0.629381256178021,0.109886372461915,1
0.30688967416063,0.842723358888179,1
-0.554728482384235,-0.895664664451033,0
-0.257120593450963,-0.412108035758138,0
-0.779155877884477,-0.872795932926238,0
0.293581447098404,0.382526685483754,1
0.7234390177764,-0.0365778096020222,0
0.949017027858645,0.304030742030591,0
0.499229358509183,0.877355848904699,1
-0.550275054760277,0.857516555581242,1
-0.271294007077813,-0.363277629949152,0
-0.56878958363086,0.298748384229839,1
-0.0618284540250897,-0.90313491364941,0
0.67292482405901,-0.508208706509322,0
0.099140499252826,0.117106515914202,1
0.0246550678275526,0.54996553203091,1
0.379052917938679,-0.654412843286991,0
-0.160142930690199,0.436115624848753,1
-0.273943474516273,0.94656224315986,1
-0.380490542855114,-0.803830447141081,0
-0.350479112006724,0.25245017465204,1
-0.547839991748333,0.308246450033039,1
-0.541545795276761,0.0323917409405112,1
0.464558646548539,0.672135088592768,1
0.330979980062693,-0.251353161409497,0
-0.154519464820623,0.908926929347217,1
0.588310855906457,-0.884320669807494,0
-0.572176093235612,-0.586775514297187,0
0.124526352621615,-0.93016591668129,0
-0.986384967342019,-0.382050855085254,1
-0.862346860114485,-0.60021020937711,1
0.88555920124054,0.101369022857398,0
-0.928251209668815,0.960056918207556,1
-0.188013068865985,0.337658646982163,1
-0.98383763898164,-0.916834145784378,1
0.584858170244843,0.426607974804938,0
-0.979589369148016,-0.0678113396279514,1
-0.153660635463893,0.432510956190526,1
-0.35588737251237,-0.329729801975191,1
0.22805787762627,0.357746496330947,1
0.161842297762632,-0.399113679304719,0
-0.853512379340827,-0.362867853604257,1
0.0571239711716771,0.215139870066196,1
-0.593061598949134,-0.125129366759211,1
-0.614915192592889,0.0256737349554896,1
-0.97273224638775,0.856924775056541,1
0.712488132994622,-0.744932632427663,0
0.393288921099156,-0.831869977526367,0
0.642326675821096,-0.430977623909712,0
0.426091631408781,-0.808750301133841,0
0.94027634523809,-0.122837606817484,0
-0.352944662328809,0.446171847637743,1
-0.510737124364823,-0.0605521043762565,1
-0.406307819765061,-0.887733577284962,0
0.407564270310104,-0.917665612418205,0
-0.346394954714924,0.102655553258955,1
0.0824182913638651,0.351476097479463,1
0.57380261644721,0.528950695414096,0
0.720983831677586,0.275850750505924,0
0.636516918428242,-0.181552090682089,0
0.327349888626486,0.366785235702991,1
-0.457537532318383,-0.401077331975102,1
0.632608724292368,-0.589518564287573,0
0.398150875233114,-0.688716890756041,0
0.580663027241826,0.0709260343573987,0
-0.0286869304254651,-0.635338957421482,0
0.692358166445047,-0.826214271597564,0
0.510602847207338,0.226685888133943,0
0.0137563687749207,0.197135313414037,1
0.767432917375118,0.00973513396456838,0
0.373894864693284,-0.530873205512762,0
-0.505898907314986,0.147951643448323,1
-0.0426570004783571,0.843984320759773,1
-0.617182050831616,-0.259592725429684,1
-0.747925304342061,-0.509504033718258,1
-0.209821748547256,0.922640269156545,1
-0.0216400162316859,-0.878301775082946,0
0.599229650106281,-0.555190230254084,0
0.757490054704249,0.354535384103656,0
-0.486505650915205,-0.952223193831742,0
0.0750932903029025,0.65352552337572,1
0.542960520833731,-0.582088779192418,0
0.899604370351881,-0.511339099612087,0
-0.525766394566745,0.0795285790227354,1
0.997738782316446,-0.922485520597547,0
0.843713331967592,-0.0428202454932034,0
0.37847409863025,0.889098485931754,1
0.240313733462244,0.0596636575646698,0
0.696199158672243,0.184125810861588,0
0.0177448438480496,-0.810328959487379,0
-0.00873162457719445,0.147585177328438,1
0.664953166153282,-0.131939739454538,0
-0.626695068087429,-0.153448973782361,1
0.715139113832265,-0.833726719487458,0
-0.19541718903929,0.894217581488192,1
-0.0561081608757377,-0.52574793016538,0
-0.704232131596655,0.811760465614498,1
-0.769864019006491,0.700133382342756,1
0.878216802608222,0.470043625216931,0
-0.168956656940281,-0.112898912280798,1
-0.941797175444663,0.939094030298293,1
0.0111351171508431,0.133958451449871,1
-0.224622983951122,-0.00656636105850339,1
0.907680839300156,0.924359293654561,1
0.340389322023839,0.0322583639062941,0
-0.380150716286153,0.213207814376801,1
0.681753739248961,-0.576400996185839,0
-0.403873183764517,-0.0511646866798401,1
-0.213269249070436,-0.204262957442552,1
0.609054126311094,0.141663582995534,0
-0.212085246574134,0.491857602726668,1
-0.0518893031403422,0.338669077027589,1
0.794479766860604,0.869879903271794,1
-0.138277825433761,0.202647087629884,1
0.0544113637879491,-0.920784980524331,0
0.373238044790924,-0.621180499438196,0
-0.84663819661364,-0.0952876466326416,1
-0.450510075315833,-0.676423303317279,0
0.495538399554789,0.961021492723376,1
0.326843113172799,0.692335628904402,1
0.607931323815137,0.518450322095305,0
0.247466363478452,0.262540657073259,1
0.741113834548742,0.407923843245953,0
0.575625786092132,-0.771970092318952,0
-0.378739291336387,-0.737045511603355,0
0.534480329137295,0.169904881156981,0
-0.728758965618908,-0.428674367256463,1
0.692607176955789,0.631099785212427,0
0.587211383506656,-0.450036797206849,0
0.738690788857639,0.343210860155523,0
-0.446898159105331,-0.72490631788969,0
-0.643228900618851,0.0561856594868004,1
0.742606341838837,-0.974944506306201,0
0.289144003763795,0.529609279241413,1
0.408920420333743,0.533841613680124,1
0.441352001857013,-0.138148179743439,0
0.103536904323846,-0.655420825816691,0
0.282204465940595,-0.625846979673952,0
-0.460036252159625,0.80673894379288,1
0.0171614652499557,-0.724151742644608,0
-0.286084673367441,0.965768673457205,1
0.0917776860296726,0.387578482739627,1
0.129423434380442,-0.56900517642498,0
0.365738323889673,-0.61464508343488,0
-0.0260004750452936,-0.302426872309297,0
0.990559636149555,0.635358756873757,0
0.683007995598018,-0.119635057169944,0
-0.444859089329839,0.697010644245893,1
0.607403688132763,0.395519351586699,0
0.894761642441154,0.742602080106735,0
-0.142303911503404,-0.272622788790613,0
-0.623803538735956,-0.0832536411471665,1
-0.226163971237838,-0.511701946146786,0
0.218709728680551,-0.118559487629682,0
0.937714111059904,-0.595823065377772,0
0.857374076731503,0.809514762833714,0
-0.153927103616297,-0.724426690023392,0
0.689538502600044,-0.512263818643987,0
0.139748519752175,-0.793447647709399,0
-0.787858416792005,0.622391883749515,1
-0.832063942216337,-0.153052041772753,1
0.525019299704581,0.652701591141522,1
0.952631011139601,-0.836439735256135,0
0.559796459507197,-0.349622260313481,0
-0.821061975788325,-0.128622079733759,1
-0.0774749438278377,0.662071621976793,1
-0.185037264600396,0.10307228891179,1
-0.946183747146279,0.32635841704905,1
-0.172622399404645,-0.869139454327524,0
0.493593334686011,0.0105960932560265,0
0.0234235720708966,-0.551140360999852,0
-0.753128614276648,-0.625698958523571,1
0.788000668399036,-0.632391065359116,0
0.739294019993395,0.831391614396125,1
-0.912822351790965,0.287156406324357,1
-0.668673867825419,0.263913528528064,1
0.799135613720864,-0.380880226381123,0
0.281566979829222,-0.604782610200346,0
0.850118948146701,-0.535269955173135,0
0.452182875946164,0.628566624596715,1
0.41276133293286,-0.203028851654381,0
0.854946793057024,0.340631493367255,0
-0.511660470627248,-0.513056082185358,0
-0.0419574799016118,0.785828760825098,1
-0.719134513288736,0.26813329802826,1
-0.736310870852321,-0.332951380871236,1
0.87957624392584,-0.992324942722917,0
-0.658271609805524,0.718455840833485,1
0.613072935026139,0.196962224319577,0
0.48231491772458,-0.63851730292663,0
-0.699683562386781,-0.308954530861229,1
-0.269323160406202,-0.102541430387646,1
0.341191382147372,0.982055311556906,1
0.828642662148923,-0.402019497007132,0
-0.343645610380918,0.046632036101073,1
0.62260900856927,0.946403058245778,1
-0.0316106765531003,-0.103139060083777,0
0.335916037671268,0.109790686983615,0
-0.209228327963501,-0.99969764566049,0
-0.0400233091786504,0.812619139440358,1
-0.0524660809896886,0.899884562473744,1
-0.546732071787119,0.677766470704228,1
0.198868326377124,-0.627526493277401,0
-0.0552140362560749,0.532384194433689,1
0.560514090582728,0.231250720564276,0
0.0380369410850108,-0.589427993632853,0
0.911322578787804,0.671228614635766,0
-0.567441855557263,-0.201941110659391,1
-0.091892050113529,0.871401813812554,1
0.879153184592724,-0.0438766987062991,0
-0.0121829970739782,-0.988134849816561,0
-0.534494747873396,0.490855710580945,1
-0.718860155437142,0.849033748265356,1
0.349067504983395,-0.167270329315215,0
-0.295719239860773,-0.232667358126491,1
0.157313052564859,0.211805531289428,1
0.734358789399266,0.833238964900374,1
0.415922316722572,0.819533086847514,1
-0.545245663728565,-0.0954773114062846,1
0.105715574230999,0.523658358491957,1
0.931737702805549,0.630601501557976,0
-0.0193656166084111,0.399027772247791,1
0.522975834552199,-0.588320947252214,0
0.0823948793113232,-0.856529683340341,0
0.206963571719825,0.511013322975487,1
0.720639954786748,0.75126613676548,1
-0.472557013854384,-0.603130205534399,0
0.171378611586988,0.689363257493824,1
0.61381416535005,-0.435164780821651,0
0.0979708884842694,-0.644078387878835,0
0.178097655531019,-0.00439879903569818,0
0.355343823786825,-0.813200774602592,0
-0.786904892884195,0.509589409455657,1
-0.205242392607033,-0.395806258544326,0
0.948254119139165,0.925528385210782,0
-0.813463228289038,0.836313180625439,1
0.226467362605035,-0.874503013212234,0
-0.457360611762851,-0.67945362161845,0
-0.376321610528976,-0.0634656697511673,1
0.615365473087877,0.373680048622191,0
-0.147390027996153,-0.149828726891428,0
0.105459867510945,-0.33752973517403,0
0.745584562886506,0.21706644166261,0
-0.612421444151551,-0.769756456837058,0
-0.540801203809679,-0.39694017264992,1
-0.486735748127103,-0.404908642638475,1
-0.916627114173025,-0.461082426831126,1
0.186450570356101,-0.261344780214131,0
-0.839644811116159,0.474555199500173,1
-0.338885339908302,-0.7651731451042,0
0.291643327567726,0.821315164677799,1
-0.971275381743908,0.769736385904253,1
-0.902805847581476,0.65387344174087,1
0.526111591607332,0.0340271377936006,0
0.880349847022444,0.251325061079115,0
0.995594081003219,0.157004124019295,0
0.953623538836837,-0.621651605702937,0
-0.819783409591764,0.299159465823323,1
0.111538679338992,-0.922749173361808,0
0.405080942902714,0.35912694921717,0
-0.247106296941638,-0.359231128823012,0
0.449217364192009,0.778259362559766,1
0.30160515755415,-0.122940792702138,0
0.46338457474485,0.735843649599701,1
0.244897598866373,-0.696327841375023,0
-0.748525755014271,-0.435011175926775,1
-0.243712057359517,0.759695611894131,1
0.899305474478751,-0.336409613490105,0
-0.672233042307198,0.701276826206595,1
-0.367346039507538,-0.543619640637189,0
-0.471211034804583,-0.487445724662393,0
0.413126484956592,0.732594872824848,1
-0.829066125210375,0.105506300926208,1
0.573940832633525,-0.908205004874617,0
-0.473034718073905,-0.0762152187526226,1
-0.505503659136593,-0.118222174234688,1
0.620270836632699,0.703347763046622,1
0.812669320963323,0.103228752035648,0
-0.299222850706428,-0.935635645873845,0
0.68583241244778,-0.489327024202794,0
-0.5126798665151,-0.588133732322603,0
-0.254820405039936,0.683805565349758,1
-0.579693613573909,-0.351584329735488,1
-0.216820789501071,-0.886847061570734,0
0.496655561961234,-0.619150027167052,0
0.809821471106261,-0.829200501088053,0
0.278739674948156,-0.677807313390076,0
0.608530691824853,-0.423500341828912,0
-0.466085928492248,-0.88859702879563,0
0.893958794418722,-0.280912678688765,0
-0.301587127149105,-0.168648062739521,1
0.653862398117781,-0.983295811805874,0
-0.504343689419329,-0.871394515503198,0
0.155166199896485,-0.810670303646475,0
-0.933278291020542,0.921813574619591,1
-0.114424000959843,-0.350972133688629,0
-0.910964963957667,-0.286574146710336,1
0.0437576132826507,0.692233874928206,1
-0.623477736953646,-0.618704293388873,1
-0.575206850655377,-0.594927879981697,0
0.222775946371257,0.47778741363436,1
-0.817997931968421,0.524925126228482,1
0.727413663174957,-0.952242793049663,0
0.340542126912624,-0.367469438351691,0
0.337911128997803,0.946573194116354,1
0.0349747319705784,-0.0491757192648947,0
0.605109978001565,-0.403092517517507,0
-0.260831502731889,-0.836754356976599,0
0.276738579850644,-0.472892347257584,0
0.939640888478607,0.203157419338822,0
-0.40197642147541,-0.00639655208215117,1
0.738763500470668,0.182392474263906,0
0.36196137079969,0.587469381280243,1
-0.33762826025486,-0.459709343500435,0
0.279780074954033,0.717409424949437,1
-0.508823827840388,0.220179386902601,1
0.816130065824836,-0.623471316881478,0
0.944329905789346,0.0958619839511812,0
0.72149355802685,-0.401542413048446,0
-0.0968159190379083,0.00142652122303843,1
-0.0557455932721496,0.102161628659815,1
0.510273654479533,0.552378516644239,1
-0.356335176154971,-0.29050234798342,1
-0.153355756774545,-0.662813159637153,0
0.151216188911349,0.646757761016488,1
-0.598633790854365,-0.38074262579903,1
-0.428020606283098,-0.302125186659396,1
-0.655842410866171,0.932518280111253,1
0.234794277697802,0.45689393253997,1
0.995437354780734,-0.257836307864636,0
0.469188330695033,0.476974575780332,1
0.8528349455446,-0.0531441895291209,0
-0.741711048409343,-0.214659379329532,1
-0.42718358989805,0.694036977831274,1
-0.83936397684738,-0.358399828430265,1
0.545195152517408,0.515242212917656,0
-0.107446183916181,-0.726699551567435,0
0.930412705987692,0.376721632201225,0
0.359906054101884,-0.514242715202272,0
-0.436158993281424,-0.526962212752551,0
0.584579628892243,-0.760272965300828,0
0.927811747416854,0.292841873597354,0
-0.685788704548031,-0.296138403005898,1
-0.0661859875544906,-0.201301638502628,0
-0.937934638932347,0.042240493465215,1
0.444065295159817,0.245543571189046,0
0.122985532041639,-0.663731572683901,0
-0.658155668992549,0.732337651774287,1
-0.686854504048824,0.976799693424255,1
0.311114293523133,-0.926889018155634,0
0.907983440440148,0.275539797265083,0
0.28195005748421,-0.220591292716563,0
-0.0990888248197734,0.284970272798091,1
-0.892575007397681,-0.281462865881622,1
0.395868843887001,-0.365219892468303,0
-0.891364241950214,0.767737496178597,1
-0.473205407615751,-0.0620865980163217,1
-0.700158077757806,0.570452489424497,1
-0.577934539876878,-0.688610644079745,0
-0.223257719539106,-0.226074962876737,0
-0.484697515610605,0.710489398799837,1
-0.789667997974902,-0.139611527789384,1
0.480145135428756,-0.653170004487038,0
0.258427658583969,-0.941669331863523,0
0.971654840279371,-0.224043927155435,0
-0.272184458561242,-0.592930285725743,0
0.462810141034424,-0.803513567894697,0
-0.928156649228185,-0.960691341198981,0
0.695318491198123,-0.446895049419254,0
0.629471002146602,-0.740048501640558,0
0.247169202659279,0.403892430942506,1
0.504630780313164,-0.515597427263856,0
-0.728593409061432,0.252406111452729,1
-0.627286611590534,-0.511798561085016,1
-0.676871311385185,-0.38153947936371,1
-0.79835027968511,0.0233061080798507,1
-0.332058522850275,-0.674133605789393,0
0.487235540989786,0.473141247406602,0
-0.741826070006937,0.561004939489067,1
0.757373587694019,0.741490611806512,0
0.542361402418464,0.436803000047803,0
0.387692827731371,0.539496389683336,1
0.0607278975658119,0.117732575628906,1
-0.482447639107704,-0.466947400942445,1
0.414043722674251,-0.115099396090955,0
-0.394604487810284,0.806036710273474,1
0.319337861612439,0.190992779098451,0
-0.278083551675081,0.286738770082593,1
