Q,Object
8116,1
9122,2
4407,0
4474,1
6640,1
3971,2
8544,0
3124,1
1566,0
1638,0
3864,0
5975,2
4449,0
6286,1
9364,1
8925,0
7263,0
6175,1
4027,1
3865,1
8956,1
6683,2
2267,2
2560,1
8632,1
3458,2
9119,2
9491,2
2705,2
4713,0
5560,1
5301,0
7726,1
870,0
2334,0
2656,1
2141,2
3481,1
6779,2
5740,1
1871,2
8192,2
5548,1
2132,2
926,2
6615,0
4121,2
964,1
5031,0
6335,2
9225,0
8714,2
1111,1
32,2
6250,1
672,0
1798,1
9180,0
8095,1
5980,1
4437,0
5467,1
5726,2
7756,1
8129,2
5961,0
9353,2
1949,2
8449,1
4750,1
4711,1
5189,2
373,1
4419,0
7679,2
3833,2
9261,0
8398,1
5013,0
4454,2
4430,2
2643,0
4536,0
9826,1
8680,1
5905,1
1690,1
2331,0
6947,2
2525,2
8970,0
2874,0
2681,2
2574,0
3215,2
186,0
7909,1
3957,0
7264,1
7985,2
1201,1
6444,0
5508,0
8887,1
2734,1
269,2
1115,2
662,2
3365,2
1583,2
5235,0
9043,1
4299,0
6321,0
8344,1
4756,1
6995,2
8018,2
2528,2
1152,0
5329,1
9690,0
2104,1
1577,2
1006,1
4932,0
5844,0
2222,2
190,1
6935,2
7169,2
4941,0
3928,1
6245,2
5439,0
5469,0
411,0
7837,1
9584,2
5278,1
2006,2
4107,0
52,1
3873,0
4701,0
1595,2
7912,1
1630,1
5685,0
7703,2
6194,2
4928,2
203,2
9120,0
7759,1
92,2
7143,0
1333,1
1050,0
3062,2
7612,1
9725,2
3028,1
5371,1
6268,1
4699,1
8174,2
4884,0
1255,1
2021,2
5966,2
8363,2
6228,0
9274,1
7488,0
7493,2
6830,2
2072,2
6746,2
8737,1
3210,0
9402,0
6369,0
4293,0
6500,2
105,0
6256,1
3713,2
8618,2
1535,2
7312,1
6796,1
7345,1
2762,2
7590,0
9053,2
1472,2
4269,0
2619,0
8310,0
871,1
5858,2
947,2
6132,0
4881,0
4054,1
4389,0
9199,1
7191,0
9291,0
5546,2
3179,2
1044,0
8836,1
3317,2
9338,2
7859,2
3692,2
7922,2
10000,1
2017,1
5234,2
4026,0
898,1
3827,2
7253,2
19,1
387,0
9156,0
8415,0
8558,2
3963,0
3431,2
8561,2
7221,0
1190,2
2430,0
107,2
8556,0
3599,2
435,0
1449,0
4355,2
2904,0
623,2
2183,2
7611,0
4357,1
4414,1
9329,2
1087,1
1765,1
7567,1
9313,1
8531,2
2763,0
437,2
465,0
888,0
3960,0
372,0
2197,1
8959,1
93,0
9744,0
2199,0
8480,2
3384,0
6308,2
5604,0
1784,2
3342,0
7907,2
8354,2
3094,1
958,1
8782,1
4724,2
1059,0
5514,0
2752,1
7087,1
7925,2
8315,2
6702,0
5663,2
9477,0
9055,1
3688,1
779,2
5578,1
8123,2
8130,0
4703,2
5355,0
8186,2
3126,0
1020,0
9952,1
6569,2
626,2
2638,1
9370,1
7494,0
5192,2
3526,1
6207,0
3800,2
949,1
6016,1
6968,2
512,2
5221,1
4306,1
6891,0
4483,1
631,1
6670,1
3001,1
9003,0
7701,0
2922,0
5762,2
5304,0
5850,0
2418,0
9238,1
2687,2
9226,1
3856,1
5847,0
9504,0
518,2
2484,0
3419,2
9554,2
7795,1
6409,1
8545,1
23,2
8488,1
7202,2
6556,1
8297,2
2455,1
8929,1
8692,1
9008,2
3047,2
7189,1
3746,2
1074,0
3164,2
5198,2
2097,0
8722,1
9552,0
2321,2
1372,1
6192,0
29,2
7813,1
5710,1
1340,2
8532,0
8306,2
540,0
5551,1
4860,0
6468,0
7192,1
9095,2
9258,0
8277,0
778,1
9736,1
4229,2
386,2
5039,2
4387,1
4640,2
7931,2
2180,2
6645,0
2210,2
9361,1
6266,2
5812,1
7444,1
4152,0
7415,2
8378,2
5877,0
1615,1
4598,2
3485,2
8817,0
6019,1
6736,1
2365,1
5881,1
9234,0
6858,0
2611,1
6125,2
5539,1
2048,2
2630,2
1002,0
8222,2
6405,0
7486,1
4903,1
4600,1
8326,1
5954,2
3584,2
6929,2
7154,2
4525,1
2060,2
8662,1
9842,2
4074,0
417,0
322,1
1930,1
8726,2
6512,2
9586,1
7024,1
6391,1
2772,0
9118,1
875,2
9318,0
5742,0
1348,1
9721,1
4397,2
9845,2
7157,2
5629,1
1122,0
9611,2
4031,2
4284,0
6559,1
4847,2
208,1
8338,1
3854,2
9752,2
5185,1
6980,2
9678,0
6239,2
6173,2
1950,0
5781,0
2799,0
8720,2
2218,1
5167,1
1562,2
9215,2
9970,1
8857,1
1244,2
5752,1
4762,1
4491,0
7048,1
1113,0
4207,1
3095,2
1752,0
9051,0
478,1
1482,0
6741,0
7225,1
2309,2
1491,0
7100,2
9556,1
3815,2
7673,2
7793,2
7778,2
7515,0
3879,0
6814,1
6554,2
4973,2
3702,0
532,1
3858,0
4670,2
713,2
8295,0
3151,1
5270,2
4917,0
9239,2
1957,1
6461,2
2934,0
9472,1
8412,0
5614,1
4280,2
6845,2
893,2
9200,2
7366,1
1558,1
6313,1
2942,2
8834,2
3123,0
462,0
7589,2
7395,0
4718,2
89,2
4395,0
9939,0
2701,1
3818,2
4145,2
1103,2
1200,0
5214,0
6372,0
763,1
5493,0
1271,2
2268,0
513,0
8813,2
808,1
3896,2
97,1
5069,2
9747,0
8897,2
8577,0
4645,1
4563,0
7104,0
90,0
5116,1
4392,0
5314,1
9514,1
1728,0
138,0
8761,1
6877,1
4319,2
8032,1
354,0
7447,1
1755,0
2506,1
3443,2
7074,0
6800,2
8955,0
5324,2
7405,1
4669,1
3451,1
2631,0
6518,2
8729,2
1150,1
7098,0
1228,1
2152,1
8323,1
3594,0
4297,1
9786,0
1849,1
8200,1
4664,2
280,1
9968,2
1701,0
2635,1
3768,0
98,2
9351,0
8910,0
3393,0
5901,0
9092,2
7092,0
9730,1
1117,1
6667,1
2652,0
7941,0
2121,0
9372,0
7254,0
8627,2
8023,1
87,0
1658,2
7815,0
9844,1
5505,0
5606,2
5558,2
9461,2
297,0
1602,0
3034,1
8064,0
8639,2
3111,0
608,2
6780,0
2352,0
9614,2
8595,0
1590,0
2204,2
7667,2
7880,2
2173,1
9589,1
5876,2
6710,2
3997,1
542,2
2945,2
1869,0
901,1
6152,2
3707,2
7077,0
4748,2
3942,0
4965,0
2678,2
166,1
8361,0
6972,0
9927,0
4991,2
7690,1
9847,1
8339,2
7245,0
6329,2
7792,1
1159,1
455,2
4737,0
6855,0
2868,0
8203,1
1710,0
3796,1
7419,0
3247,1
4539,0
8529,0
4081,1
7471,1
119,2
128,2
8407,1
4887,0
3623,2
4822,1
4553,2
4139,2
5553,0
2010,0
334,1
8708,2
1224,0
5924,2
8543,2
337,1
9553,1
1442,2
9056,2
3958,1
9344,2
3522,0
320,2
6252,0
9498,0
3008,2
8169,0
8638,1
6049,1
1866,0
7124,2
2537,2
6361,1
2603,2
3558,0
5084,2
7967,2
6997,1
6585,0
4373,2
7685,2
5771,2
5427,0
7260,0
4919,2
2002,1
2546,2
325,1
5220,0
8360,2
3372,0
1422,0
5296,1
4240,1
6823,1
9857,2
9077,2
4949,2
4168,1
5332,1
3717,0
5734,1
8799,0
2182,1
8973,0
4585,1
1317,0
7681,1
1464,0
5462,2
2543,2
3501,0
78,0
1561,1
762,0
7933,1
3115,1
3969,0
6337,1
7991,2
5810,2
7336,1
9880,1
4035,0
3229,1
4007,2
1796,2
3915,0
6035,2
1714,1
3722,2
656,2
2449,1
6658,1
3600,0
7018,1
1469,2
204,0
5766,0
2310,0
3593,2
3245,2
842,2
339,0
5098,1
3099,0
9346,1
2283,0
7850,2
7088,2
7662,0
2470,1
8940,0
4789,1
2028,0
6181,1
940,1
8004,0
951,0
9540,0
5021,2
290,2
6420,0
7902,0
4279,1
4999,1
2312,2
5768,2
7308,0
7043,2
2844,0
7480,1
4351,1
7547,2
5909,2
7497,0
5026,1
1704,0
248,2
3033,0
1258,1
614,2
9985,1
55,1
4117,1
4164,0
8210,2
3303,0
2515,1
9619,1
4652,2
3636,0
9476,2
8108,2
5967,0
8576,2
1203,0
5567,2
9848,2
8889,0
1639,1
5088,0
7927,1
5537,2
418,1
4787,2
4953,0
3272,2
8809,1
8155,1
7840,1
8963,2
3332,2
6726,0
990,0
2117,2
4677,0
2244,0
4723,1
8507,2
8002,1
6007,1
2456,2
3748,1
6984,0
1078,1
2750,2
50,2
8248,1
1251,0
8177,2
6260,2
5362,1
2775,0
8510,2
6536,2
5163,0
152,2
126,0
4391,2
6091,1
1285,1
7598,2
6506,2
8650,1
1454,2
5051,2
7029,0
612,0
7318,1
5712,0
5596,1
2790,0
5931,0
9493,1
7943,2
2793,0
3974,2
4159,1
7955,2
9662,2
596,2
2400,0
6143,2
1226,2
1185,0
3131,2
6204,0
1424,2
6425,2
4868,2
2593,1
9505,1
8012,2
3474,0
8920,1
1880,2
7452,0
2098,1
2289,0
2086,1
1708,1
6315,0
7911,0
9838,1
5319,0
2498,2
1817,2
1465,1
9114,0
6327,0
9818,2
5951,2
4504,1
3660,0
5651,2
1310,2
461,2
6655,1
1789,1
886,1
2783,2
2811,0
6756,0
1361,2
5619,0
611,2
7728,0
262,1
3297,0
4446,0
5521,1
2345,2
8762,2
3601,1
5470,1
8645,2
553,1
4924,1
1778,2
5412,0
350,2
4048,1
4952,2
3424,1
8805,0
3183,0
3498,0
932,2
6942,0
4693,1
4944,0
1187,2
1966,1
6654,0
9001,1
3763,1
5573,2
9956,2
7894,1
9356,2
3653,2
7112,2
8911,1
1175,2
8271,0
9403,1
7280,2
2008,1
9602,2
1126,1
2757,0
7836,0
6873,0
1645,1
2912,2
5334,0
6525,0
4111,1
1619,2
1301,2
5077,1
5615,2
8330,2
3929,2
4992,0
6905,2
9253,1
5326,1
1648,1
6134,2
156,0
7514,2
2511,0
9891,0
1017,0
9081,0
1750,1
3045,0
550,1
7149,0
3160,1
8287,1
2215,1
4160,2
2009,2
8715,0
3921,0
4282,1
8217,0
7196,2
3663,0
244,1
5255,2
5376,0
8102,2
707,2
7835,2
1647,0
1431,0
2499,0
1398,0
941,2
5694,0
5100,0
3955,1
5979,0
6774,0
2961,0
4413,0
8114,2
5001,0
8489,2
6959,2
4732,1
3223,1
2306,2
4760,2
1455,0
5024,2
8757,0
7878,0
3842,2
36,0
9677,2
1918,1
1257,0
6479,2
8247,0
4310,2
6218,2
2857,1
7453,1
6893,2
8934,0
2547,0
2080,1
7319,2
1883,2
2987,2
9279,0
3238,1
9021,0
4850,2
9029,2
1687,1
9044,2
1911,0
4095,0
2822,2
3826,1
4893,0
226,1
1666,1
8523,0
7888,1
1269,0
4022,2
6118,1
3346,1
5987,2
9632,2
5336,2
6771,0
3632,2
3670,1
5969,2
985,1
195,0
383,2
8137,1
398,2
3279,0
5105,2
6664,1
9523,1
7963,1
7103,2
7205,2
8831,2
9096,0
5941,1
4980,0
3358,1
6008,2
3884,2
3217,1
9280,1
6331,1
9954,0
2881,1
7161,0
6541,1
2660,2
7352,2
9298,1
6719,2
2355,0
7997,2
6921,0
9206,2
489,0
7065,0
6464,2
7776,0
2153,2
3872,2
846,0
5682,0
9300,0
6407,2
3771,0
263,2
170,2
1478,2
5442,0
4846,1
8547,0
3640,1
8574,0
7284,0
8573,2
7019,2
8539,1
8906,2
482,2
5869,1
8991,0
7001,2
3110,2
8381,2
8419,1
8429,2
5458,1
5491,1
8617,1
9650,2
8748,0
6048,0
6938,2
7582,1
9541,1
2196,0
1965,0
1785,0
5281,1
7392,0
9640,1
3195,0
5584,1
7556,2
6933,0
5266,1
6102,0
371,2
7402,1
4550,2
247,1
1439,2
1726,1
7603,1
7183,1
1034,2
9222,0
2661,0
2825,2
191,2
6036,0
2625,0
2600,2
324,0
256,1
8675,2
4264,1
7145,2
6438,0
6695,2
8905,1
983,2
962,2
8640,0
6557,2
4876,1
856,1
9385,1
7686,0
2813,2
635,2
4364,2
9276,0
8288,2
9572,2
6073,1
1118,2
1861,1
4778,2
3529,1
2623,1
9438,0
7867,1
4440,0
4494,0
3129,0
214,1
8746,1
3019,1
3496,1
7387,1
5984,2
7968,0
9435,0
7666,1
7492,1
4406,2
6084,0
6870,0
1617,0
522,0
7328,2
1529,2
2234,2
409,1
3939,0
2742,0
4307,2
4185,0
4936,1
7707,0
9404,2
2195,2
2517,0
4522,1
4100,2
1265,2
1674,0
2740,1
6112,1
2091,0
6819,0
5683,1
517,1
3597,0
3148,1
7843,1
7357,1
8409,0
8131,1
7025,2
5696,2
1696,1
7919,2
9079,1
603,0
6142,1
8475,0
4912,1
2233,1
2264,2
2273,2
6898,1
1305,0
7934,2
9639,0
9568,1
6567,0
8602,1
5203,1
4028,2
1473,0
752,2
4471,1
5386,1
4328,2
2425,1
8873,2
927,0
4045,1
6021,0
7908,0
5400,0
9636,0
9375,0
2986,1
1008,0
271,1
73,1
8089,1
4157,2
7278,0
1309,1
6505,1
1681,1
2240,2
8043,0
8674,1
1727,2
2278,1
9914,2
150,0
4343,2
8677,1
1192,1
3080,2
7356,0
8894,2
1538,2
3032,2
7904,2
7499,2
1403,2
6110,2
8930,2
4033,1
7522,1
3213,0
2632,1
7116,0
2849,2
4361,2
8998,1
1124,2
4301,2
8225,2
4562,2
4733,2
2332,1
4784,2
6027,0
4624,1
2909,2
4208,2
6650,2
1818,0
3145,1
613,1
8227,1
2177,2
257,2
6241,1
5016,0
8996,2
8884,1
2921,2
8927,2
1598,2
7741,1
822,0
5085,0
2421,0
9853,1
7513,1
3207,0
4568,2
6751,1
7926,0
6456,0
7625,2
5831,2
7531,1
7322,2
9047,2
3456,0
2450,2
6716,2
2305,1
5053,1
5870,2
3211,1
8497,1
8324,2
6262,1
9367,1
5953,1
1029,0
3014,2
7688,2
1089,0
2806,1
6037,1
7550,2
9715,1
24,0
5735,2
5436,0
1753,1
13,1
9432,0
5499,0
4503,0
8006,2
6210,0
9829,1
2557,1
9085,1
3461,2
1843,1
3758,2
4609,1
4170,0
1724,2
7220,2
7646,2
3050,2
9094,1
46,1
466,1
6069,0
2166,0
8695,1
5409,0
8257,1
2889,0
7440,0
84,0
5823,0
5066,2
1530,0
2605,1
4196,2
9524,2
9825,0
4213,1
283,1
6301,1
7102,1
6739,1
4370,2
7863,0
7132,1
9646,1
4687,1
1692,0
7984,1
6061,1
8974,1
74,2
2232,0
1384,1
3312,0
5374,1
3793,1
5834,2
660,0
8649,0
2731,1
1928,2
4738,1
1423,1
8818,1
3649,1
8954,2
6434,2
6607,1
8798,2
8367,0
9719,2
4578,0
4247,2
299,2
5389,1
2696,2
397,1
1480,1
4221,0
4666,1
6162,0
5244,0
1495,1
1653,0
9575,2
2820,0
9492,0
8693,2
1366,1
2749,1
9427,1
3598,1
2949,0
5859,0
916,1
5830,1
1973,2
8525,2
3077,2
1878,0
591,0
8305,1
8051,2
4898,2
4510,1
1448,2
745,1
2993,2
6191,2
9334,1
8269,1
5937,0
8631,0
6071,2
1069,1
8406,0
9873,0
5046,0
4804,1
9631,1
2582,2
7080,0
2157,0
8087,2
7665,0
2405,2
9900,0
3691,1
72,0
505,1
1809,0
7058,2
2760,0
1453,1
7833,0
9444,0
7527,0
2420,2
4922,2
7750,1
3699,0
1793,2
1822,1
9712,1
5862,0
894,0
7613,2
1043,2
4096,1
6973,1
4060,1
3891,0
4154,2
4447,1
8150,2
3353,2
7591,1
2884,1
7238,2
3334,1
9320,2
4428,0
5067,0
6205,1
7660,1
367,1
9550,1
3484,1
3402,0
1829,2
2452,1
6031,1
9630,0
4267,1
2730,0
2304,0
8234,2
2617,1
9686,2
457,1
833,2
7966,1
4764,0
2399,2
7076,2
8706,0
6242,2
1330,1
7869,0
5320,1
7794,0
2792,2
8936,2
3128,2
486,0
5435,2
5671,1
1230,0
3848,2
9562,1
9948,0
6798,0
2328,0
4845,0
3057,0
2033,2
8718,0
9899,2
7084,1
1711,1
8742,0
3739,1
5589,0
272,2
6104,2
2840,2
9255,0
8209,1
2125,1
5394,0
3410,2
6628,1
1620,0
9289,1
8396,2
2800,1
6527,2
9944,2
7584,0
1760,2
9019,1
9416,2
3965,2
607,1
2308,1
4070,2
3269,2
2037,0
3869,2
2817,0
2478,0
6180,0
5860,1
6325,1
7360,1
7299,0
4513,1
582,0
1026,0
3949,1
7461,0
6388,1
6671,2
9216,0
7596,0
2216,2
7899,0
4508,2
9374,2
3408,0
7310,2
2027,2
7559,2
5838,0
7185,0
8990,2
7303,1
5323,1
6588,0
7730,2
5130,0
8516,2
4092,0
6752,2
4671,0
7060,1
470,2
9190,1
6085,1
5373,0
9355,1
7866,0
7113,0
3770,2
4403,2
6880,1
9205,1
9488,2
3782,2
8075,2
6925,1
7616,2
1097,2
2645,2
7148,2
8243,2
8368,1
2629,1
1959,0
8096,2
2591,2
3053,2
7011,0
1633,1
7393,1
8149,1
5598,0
737,2
3020,2
2856,0
1791,0
4655,2
1533,0
9342,0
8078,2
5524,1
4636,1
2303,2
3119,2
950,2
7523,2
3401,2
5628,0
4529,2
9365,2
5550,0
8812,1
9893,2
7990,1
8866,1
7285,1
4480,1
8198,2
6958,1
7761,0
7747,1
3759,0
8777,2
2885,2
7769,2
5751,0
3870,0
7879,1
3416,2
9906,0
1870,1
4546,1
960,0
8937,0
536,2
8390,2
8387,2
694,1
8511,0
6822,0
106,1
9996,0
8045,2
8286,0
7000,1
4816,1
8876,2
5588,2
112,1
2766,0
4453,1
5809,1
4147,1
6174,0
673,1
6699,0
9665,2
3830,2
8553,0
3583,1
9652,1
3405,0
2265,0
3778,1
3656,2
9466,1
1563,0
7175,2
7791,0
8643,0
6176,2
7286,2
8495,2
235,1
2524,1
335,2
5720,2
6317,2
1531,1
6817,1
5061,0
1958,2
7537,1
4215,0
1520,2
7114,1
8289,0
3643,1
722,2
1063,1
2280,0
458,2
8005,1
9082,1
5291,2
8663,2
9870,0
8094,0
5875,1
1764,0
4859,2
4401,0
1934,2
7834,1
2764,1
5018,2
4814,2
3326,2
1184,2
9223,1
6900,0
6017,2
7344,0
3650,2
7142,2
5529,0
6022,1
3114,0
2249,2
4745,2
1481,2
8121,0
2823,0
365,2
7540,1
2883,0
1289,2
7642,1
6624,0
928,1
5676,0
5826,0
3376,1
9542,2
16,1
4353,0
6701,2
54,0
3877,1
3724,1
9866,2
2821,1
9430,1
1425,0
3170,2
6436,1
6322,1
7129,1
9383,2
3453,0
2447,2
4635,0
6244,1
5181,0
5814,0
9034,1
1196,2
5792,2
7105,1
161,2
5534,2
8432,2
519,0
3959,2
2702,2
2563,1
8616,0
9886,1
4216,1
3535,1
2024,2
5200,1
8148,0
1182,0
9107,2
9111,0
9529,1
3519,0
3494,2
2936,2
2375,2
1915,1
9086,2
120,0
6709,1
3979,1
8464,1
278,2
70,1
1032,0
7003,1
5168,2
157,1
219,0
2893,1
1296,0
1341,0
8441,2
1035,0
1243,1
680,2
1104,0
4217,2
1096,1
3314,2
6330,0
4255,1
8058,0
8601,0
6122,2
4910,2
1961,2
4433,2
867,0
970,1
6681,0
9657,0
4189,1
7207,1
6608,2
9958,1
6052,1
6168,0
4607,2
1433,2
4715,2
5058,0
1882,1
7637,2
4291,1
6850,1
8316,0
2122,1
4337,2
7297,1
4016,2
6418,1
853,1
252,0
9468,0
8610,0
1976,2
8630,2
5041,1
1391,2
1688,2
9259,1
8193,0
8676,0
2040,0
5819,2
2220,0
2523,0
8784,0
4680,0
3487,1
2319,0
6096,0
852,0
8832,0
4136,2
3400,1
5977,1
5688,0
3190,1
5798,2
2146,1
7896,0
7040,2
8467,1
5188,1
2327,2
5285,2
3173,2
1641,0
8347,1
1736,2
6673,1
9157,1
3961,1
8542,1
9863,2
6278,2
1516,1
5708,2
3901,1
1909,1
771,0
4792,1
1926,0
189,0
6338,2
5466,0
4667,2
3867,0
8450,2
1232,2
5172,0
8615,2
6504,0
3009,0
5477,2
9871,1
785,2
2099,2
3548,2
9031,1
786,0
7711,1
2636,2
3218,2
6097,1
9713,2
499,1
7032,0
6216,0
9606,0
661,1
363,0
497,2
3060,0
4316,2
5843,2
6764,2
1907,2
9785,2
2807,2
6053,2
2878,1
8423,2
954,0
8241,0
6000,0
7168,1
9277,1
3859,1
9132,0
5746,1
9903,0
3752,2
5175,0
4166,2
879,0
5788,1
789,0
8188,1
7654,1
5959,1
4590,0
9447,0
1779,0
3747,0
4537,1
7724,2
4163,2
8009,2
6217,1
9890,2
3972,0
5496,0
8881,1
8951,2
4084,1
7545,0
4390,1
2205,0
7614,0
1418,2
2096,2
7973,2
4955,2
6144,0
5634,0
5187,0
9219,0
7306,1
8536,1
2384,2
1738,1
43,1
4067,2
1873,1
1014,0
2089,1
6828,0
9265,1
6240,0
3902,2
8583,0
2794,1
569,2
3694,1
7261,1
6146,2
8938,1
4359,0
9661,1
8143,1
551,2
6485,2
3642,0
4053,0
3611,2
1195,1
9024,0
8476,1
9317,2
453,0
39,0
5654,2
5817,0
2349,0
3982,1
7455,0
176,2
6414,0
9546,0
5640,0
815,2
2493,0
9570,0
5617,1
1076,2
7406,2
527,2
3369,0
5397,0
7539,0
4366,1
7206,0
4037,2
8670,0
848,2
3539,2
328,1
2490,0
5199,0
837,0
4691,2
5254,1
7817,2
2138,2
9625,1
2485,1
8928,0
5293,1
7277,2
5103,0
2340,0
7458,0
2193,0
7309,1
1511,2
5773,1
2225,2
3037,1
9691,1
7798,1
7698,0
6597,0
6462,0
1189,1
2658,0
9896,2
2147,2
812,2
6116,2
5706,0
7657,1
4385,2
6005,2
123,0
1848,0
6801,0
118,1
3618,0
2335,1
2281,1
2056,1
645,0
1260,0
4191,0
6387,0
8343,0
1579,1
2428,1
884,2
255,0
617,2
3277,1
577,1
3155,2
4320,0
3715,1
6115,1
3140,2
193,1
3903,0
6580,1
6981,0
7734,0
9406,1
3411,0
583,1
9688,1
7047,0
3685,1
6351,0
7889,2
516,0
6878,2
8022,0
2671,1
6713,2
4867,1
9694,1
5765,2
9327,0
4558,1
839,2
9467,2
314,2
5495,2
6081,0
6691,1
3889,1
8100,0
5807,2
5655,0
4757,2
5196,0
464,2
3493,1
7475,2
8455,1
9235,1
1299,0
2567,2
7268,2
5126,2
3434,2
8749,1
4123,1
3729,0
5082,0
6641,2
604,1
1962,0
8605,1
5233,1
938,2
5212,1
803,2
6441,0
44,2
3797,2
5998,1
8160,0
868,1
3563,2
6055,1
7528,1
6787,1
9426,0
4411,1
6079,1
4169,2
7485,0
2513,2
4717,1
7156,1
7871,2
615,0
8067,0
2801,2
3072,0
2269,1
8555,2
8185,1
801,0
6917,2
2644,1
4346,2
2230,1
5611,1
9152,2
1740,0
2814,0
9850,1
7422,0
3821,2
8035,1
3169,1
1139,2
7165,1
2578,1
8916,0
7739,2
1170,0
5019,0
851,2
7847,2
4996,1
3143,2
1219,1
920,2
7367,2
3621,0
699,0
5345,2
788,2
250,1
1180,1
3853,1
1279,1
6831,0
3725,2
8505,0
1693,1
6728,2
821,2
3003,0
6648,0
3813,0
2575,1
7999,1
3837,0
7901,2
56,2
8393,2
8787,0
2624,2
5028,0
9949,1
7854,0
1498,1
605,2
8487,0
1670,2
8679,0
7617,0
477,0
2633,2
3259,1
6866,2
5904,0
6299,2
7437,0
4270,1
6687,0
1927,1
140,2
2530,1
3042,0
7282,1
7676,2
165,0
9250,1
5171,2
1121,2
3264,0
3788,2
2733,0
2320,1
9833,2
8575,1
4408,1
216,0
8083,1
229,1
683,2
1893,0
6489,0
9032,2
2126,2
9943,1
2833,1
6349,1
8700,0
309,0
7449,0
5078,2
2739,0
2545,1
9746,2
4959,0
2860,1
3318,0
3720,0
5595,0
5714,2
4588,1
5050,1
2997,0
3565,1
9702,0
7809,0
5429,2
7536,0
6954,0
4358,2
9934,1
9735,0
6806,2
7333,1
4782,0
6029,2
4356,0
4895,2
6170,2
9138,0
1768,1
6611,2
8932,1
1924,1
8115,0
6560,2
8688,0
9946,1
5702,2
5731,1
8082,0
9136,1
3719,2
9145,1
554,2
8435,2
2406,0
601,1
380,2
1539,0
8308,1
4165,1
7804,1
4106,2
4456,1
3591,0
6810,0
7714,1
4277,2
9788,2
790,1
5566,1
817,1
6665,2
9330,0
8284,1
649,1
4342,1
9558,0
231,0
997,1
9028,1
5452,1
2938,1
5226,0
2383,1
7186,1
4023,0
8704,1
9834,0
9459,0
5958,0
911,2
8941,1
3568,1
3248,2
3025,1
4465,1
7342,1
1769,2
2112,0
4823,2
301,1
903,0
784,1
4119,0
6620,2
5265,0
5138,2
9859,1
2965,1
9527,2
4913,2
7954,1
6109,1
3377,2
2542,1
9925,1
2610,0
4128,0
6481,1
7629,0
4617,0
8593,1
3661,1
6761,2
426,0
419,2
751,1
2725,1
6065,2
3203,2
6135,0
7735,1
8473,1
5670,0
5219,2
6493,1
9926,2
4199,2
4825,1
142,1
7699,1
6156,0
8851,1
8302,1
3439,1
303,0
5787,0
1011,0
7089,0
7780,1
658,1
2675,2
5612,2
4372,1
3463,1
1334,2
1452,0
735,0
4131,0
2707,1
4983,0
6700,1
9083,2
4138,1
1629,0
3784,1
5579,2
5878,1
1093,1
3125,2
8442,0
9224,2
6038,2
5402,2
3305,2
4906,1
5680,1
6153,0
3180,0
1212,0
5949,0
125,2
6962,2
6978,0
4193,2
6106,1
7627,1
8072,2
4929,0
2919,0
2968,1
3489,0
4129,1
7300,1
1033,1
6088,1
111,0
1295,2
4507,1
5704,1
3817,1
4795,1
4518,0
9814,1
7655,2
1018,1
8997,0
268,1
7772,2
6123,0
6988,1
3386,2
4626,0
9041,2
2826,0
5574,0
1080,0
5669,2
2859,0
9097,1
4224,0
6213,0
6196,1
4232,2
2245,1
6767,2
4810,1
5272,1
4011,0
7606,1
1164,0
4257,0
4161,0
1293,0
552,0
1505,2
7992,0
141,0
4009,1
8862,0
2996,2
2038,1
6364,1
6677,2
7549,1
7696,1
7241,2
4839,0
2401,1
1654,1
8097,0
85,1
4334,2
9816,0
7439,2
3875,2
2167,1
2805,0
8843,2
228,0
104,2
8170,1
4684,1
984,0
9566,2
7994,2
5926,1
9210,0
1833,0
8165,2
574,1
2951,2
6465,0
9443,2
3708,0
3351,0
1823,2
3394,1
1731,0
3615,0
9582,0
6078,0
2223,0
9593,2
6901,1
5803,1
3572,2
4058,2
7826,2
2079,0
374,2
4281,0
7524,0
1110,0
9354,0
3447,0
7380,0
7775,2
3992,2
555,0
813,0
6247,1
4004,2
5827,1
3534,0
6854,2
8113,1
7326,0
1808,2
2093,2
4638,0
9742,1
4783,1
7534,1
1332,0
7875,0
2431,1
3927,0
1587,0
8865,0
6537,0
6477,0
7052,2
897,0
961,1
5432,2
7290,0
3246,0
9321,0
7930,1
3646,1
2510,2
4824,0
6642,0
3287,2
7774,1
3574,1
5150,2
980,2
6522,0
732,0
2569,1
6273,0
504,0
3735,0
6754,1
4653,0
5627,2
7687,1
5014,1
1238,2
6105,0
1655,2
9025,1
179,2
1986,0
9153,0
6318,0
9257,2
9705,0
8021,2
5497,1
3803,2
3977,2
1141,1
4625,2
9217,1
6267,0
3349,1
6763,1
2797,1
761,2
3537,0
5938,1
7428,0
5568,0
9016,1
6292,1
6656,2
9604,1
9371,2
1781,2
628,1
5569,1
8607,0
7546,1
8472,0
776,2
212,2
3013,1
2978,2
1640,2
7298,2
3874,1
3263,2
6703,1
9413,2
7762,1
2397,0
6993,0
2366,2
9026,2
6282,0
889,1
3348,0
7790,2
3938,2
2090,2
1385,2
2703,0
5898,0
1395,0
65,2
8466,0
2151,0
4412,2
2347,1
5759,2
6899,2
4977,0
913,1
3920,2
9290,2
2127,0
6323,2
4875,0
6183,0
5487,0
6160,1
6453,0
8619,0
2778,0
1060,1
5528,2
7281,0
8088,0
6949,1
8099,2
4435,1
4093,1
1543,1
6843,0
5455,1
2294,2
1635,0
3836,2
8644,1
3935,2
8068,1
6199,1
2521,1
4874,2
9091,1
3024,0
2502,0
2144,2
2266,1
5302,1
2488,1
2137,1
9994,1
1064,2
6380,2
5003,2
869,2
222,0
4350,0
5159,2
2338,1
7466,2
3567,0
5681,2
906,0
679,1
514,1
2674,1
7222,1
3506,2
8789,2
2709,0
1609,1
7435,1
4770,0
3354,0
1668,0
3834,0
1730,2
5512,1
2407,1
3091,1
6821,2
8825,2
1041,0
1512,0
533,2
1282,1
9485,2
63,0
3133,1
6400,1
7626,0
5169,0
9450,0
4197,0
3710,2
4256,2
744,0
6690,0
8124,0
1825,1
2529,0
1386,0
5703,0
1891,1
2035,1
4492,1
7838,2
28,1
621,0
959,2
7348,1
7026,0
18,0
446,2
135,0
3970,1
2174,2
5191,1
6473,2
3499,1
8183,2
4451,2
3112,1
6812,2
8422,1
5868,0
8044,1
8728,1
1280,2
2651,2
711,0
2690,2
769,1
993,0
7574,2
2924,2
1451,2
1588,1
7296,0
6562,1
475,1
6590,2
6128,2
7293,0
5515,1
7510,1
131,2
4799,2
3549,0
133,1
8162,2
9020,2
449,2
5486,2
6288,0
4542,0
6298,1
4791,0
2875,1
2078,2
1470,0
7640,2
232,1
5460,0
1805,2
8841,0
7566,0
8859,0
541,1
1321,1
1921,1
2277,0
6126,0
4939,1
4564,1
2588,2
768,0
1756,1
5033,2
6478,1
1964,2
7468,1
7374,0
9860,2
2646,0
2962,1
7182,0
1397,2
6860,2
1476,0
6950,2
7441,1
143,2
1211,2
3761,2
311,2
5577,0
6490,1
5804,2
5385,0
5795,2
586,1
9503,2
6067,1
6862,1
9254,2
8779,1
9393,0
3378,0
9578,2
184,1
820,1
5353,1
472,1
9840,0
8436,0
4890,0
6792,0
192,0
9066,0
1523,2
151,1
9287,2
2802,0
1806,0
5811,0
376,1
2483,2
6769,1
6846,0
4431,0
2410,1
3909,0
5352,0
584,2
4976,2
2864,2
560,2
4736,2
2558,2
8156,2
9283,1
4338,0
6463,1
4210,1
136,1
3514,1
2501,2
3065,2
7702,1
6976,1
408,0
4046,2
8204,2
9827,2
3967,1
3243,0
4742,2
6195,0
4700,2
1605,0
1213,1
2011,1
8723,2
4852,1
8307,0
3368,2
8967,0
8816,2
1024,1
4050,0
1256,2
9658,1
9913,1
5620,1
934,1
6966,0
2235,0
8014,1
9292,1
405,0
4630,1
9171,0
2779,1
2686,1
1134,0
3063,0
8578,1
5552,2
7423,1
7376,2
4377,0
292,1
7369,1
7956,0
2508,0
6902,2
1057,1
538,1
1746,0
9793,1
285,0
3655,1
1446,0
566,2
4681,1
7177,1
6745,1
933,0
2796,0
9129,0
9236,2
7012,1
9950,2
5080,1
5074,1
173,2
5083,1
7495,1
8231,2
2673,0
4374,0
9452,2
2385,0
3293,2
45,0
4140,0
6927,0
9961,1
3252,0
7856,2
6072,0
8107,1
3383,2
2014,1
3689,2
670,1
8161,1
4663,1
9837,0
5517,0
6426,0
6172,1
987,0
3511,1
4124,2
1863,0
5135,2
4254,0
910,1
5939,2
4381,1
1803,0
1884,0
2540,2
2561,2
8591,2
9875,2
6491,2
473,2
1428,0
6001,1
1081,1
7586,2
5725,1
2241,0
5650,1
4423,1
3391,1
266,2
8606,2
8673,0
6353,2
8867,2
7465,1
4462,1
6265,1
2994,0
3795,0
8758,1
1106,2
294,0
8111,2
3703,1
6251,2
6124,1
6882,0
6581,2
3073,1
3849,0
7216,1
3157,1
9683,2
5970,0
4442,2
1414,1
8434,1
5382,0
2163,0
3671,2
6996,0
4743,0
3542,2
4087,1
5962,1
9751,1
5107,1
2721,0
4925,2
6738,0
6148,1
2759,2
9312,0
8768,2
5757,0
121,1
6410,2
2985,0
657,0
1636,1
4526,2
7274,2
5690,2
7436,2
9176,2
5520,0
931,1
3906,0
9110,2
5482,1
7824,0
8413,1
491,2
356,2
223,1
5646,0
5011,1
4198,1
7773,0
4710,0
977,2
9112,1
9758,2
1702,1
5955,0
3113,2
1908,0
7563,0
2991,0
2160,0
2682,0
4478,2
5571,0
1071,0
3750,0
7535,2
7633,1
8744,2
61,1
942,0
2461,1
6604,1
3428,2
5149,1
3999,0
1900,1
6131,2
6235,1
4675,1
4292,2
1910,2
8891,2
9311,2
9796,1
7797,0
4856,2
80,2
3629,2
9660,0
7044,0
3423,0
5879,2
8877,0
8229,0
5609,2
1851,0
4398,0
4753,1
8508,0
4735,1
3622,1
8388,0
197,2
4751,2
2259,0
6343,1
7390,1
3681,0
4495,1
9252,0
8666,2
8697,0
5459,2
5832,0
6402,0
8355,0
8883,0
3573,0
1253,2
2706,0
7030,1
6045,0
5570,2
1206,0
5102,2
395,2
6466,1
9324,0
4410,0
8637,0
5484,0
800,2
1130,2
5549,2
86,2
7571,2
2827,1
1252,1
6994,1
8735,2
6003,0
792,0
5518,1
3904,1
3887,2
6451,1
240,0
4582,1
3712,1
21,0
1686,0
7608,0
6077,2
9106,1
4258,1
811,1
922,1
929,2
2943,0
7184,2
7957,1
3863,2
4186,1
327,0
6319,1
7002,0
1722,0
1193,2
7983,0
2454,0
5420,2
5173,1
860,2
5264,2
2554,1
5675,2
6797,2
6476,2
4042,1
2465,2
5259,0
3751,1
6004,1
7802,2
2393,2
9812,2
989,2
5038,1
175,1
6609,0
6613,1
3731,2
4660,1
6047,2
4797,0
2018,2
3633,0
1846,1
304,1
5399,2
6056,2
4641,0
2695,1
273,0
8926,1
939,0
2976,0
5580,0
8603,2
7564,1
4417,1
9965,2
8223,0
1734,0
3107,2
3766,1
2326,1
5884,1
2910,0
7370,2
8917,1
7764,0
1758,0
1374,0
565,1
9302,2
5240,2
47,2
4149,0
2654,2
4621,1
5357,2
7027,1
102,0
6773,2
2858,2
1506,0
2841,0
1528,1
8358,0
590,2
8943,0
5778,0
113,2
5738,2
108,0
9486,0
6575,2
1777,1
7454,2
1156,1
5605,1
5017,1
3736,1
4921,1
3427,1
3362,2
4909,1
2929,1
7630,1
4262,2
5375,2
6108,0
1827,0
9267,0
864,0
5522,2
5769,0
3624,0
4768,1
5448,0
8425,1
701,2
6669,0
2896,1
4813,1
5632,1
739,1
3355,1
8730,0
8207,2
4602,0
4463,2
1955,2
5068,1
6634,1
5141,2
8765,2
8581,1
2531,2
6365,2
2150,2
4990,1
1354,1
7473,0
7337,2
4460,2
1114,1
9463,1
1865,2
8285,2
35,2
1985,2
2408,2
4459,1
3265,1
9617,2
6987,0
9046,1
4439,2
7273,1
9598,1
291,0
336,0
1489,1
2237,2
9543,0
4324,1
159,0
4940,2
5211,0
6155,2
9951,0
8702,2
5347,1
1936,1
8251,1
4335,0
5081,2
3061,1
7496,2
2412,0
6258,0
245,2
8560,1
4404,0
6328,1
2314,1
2837,2
8329,1
2861,2
6965,2
4511,2
3284,2
3509,2
9087,0
1485,0
9797,2
7561,1
4927,1
1217,2
2999,2
754,1
344,2
4367,2
6943,1
117,0
1685,2
4694,2
4752,0
1127,2
6356,2
6090,0
1138,1
3991,1
4379,2
503,2
7508,2
7993,1
1551,0
9716,2
8979,0
8819,2
3647,2
3103,1
7520,2
7199,2
4162,1
9294,0
9099,0
9682,1
313,1
8550,0
6238,1
4962,0
6974,2
3804,0
4103,2
955,1
8977,1
2069,2
4672,1
4142,2
6359,2
7034,2
7758,0
4146,0
4739,2
2971,1
53,2
5359,1
2270,2
2107,1
60,0
5544,0
174,0
2812,1
429,0
8656,1
2839,1
9864,0
4993,1
4063,1
6041,2
9213,0
3726,0
281,2
6289,1
5755,1
9885,0
9627,0
2114,2
2116,1
1695,0
579,0
5071,1
3816,0
9473,2
7203,0
5144,2
3406,1
588,0
9937,1
8224,1
9794,2
3620,2
2198,2
8598,0
3910,1
966,0
9319,1
4540,1
8939,2
8351,2
1721,2
6454,1
3225,0
6548,2
7962,0
3363,0
7204,1
5387,2
1298,2
9581,2
9809,2
4220,2
5637,0
917,2
4349,2
4235,2
3822,0
4567,1
1047,0
787,1
8895,0
1426,1
6895,1
7786,1
654,0
3240,0
8433,0
7970,2
6120,0
2329,1
7950,0
394,1
6119,2
8191,1
2181,0
7599,0
618,0
8899,1
7503,0
4099,1
9187,1
69,0
3022,1
8512,1
2325,0
7600,1
4090,1
9689,2
3839,2
7062,0
8402,2
2765,2
7481,2
6595,1
6092,2
6985,1
1899,0
7948,1
2001,0
9626,2
7700,2
1025,2
3878,2
6341,2
5180,2
6165,0
827,2
1691,2
4853,2
8958,0
9667,1
6149,2
8792,2
5674,1
7033,1
4981,1
5794,1
7639,1
7823,2
8182,1
277,1
974,2
8898,0
2606,2
7677,0
3090,0
4386,0
825,0
8333,2
5906,2
8039,2
1813,1
1621,1
3430,1
1792,1
2275,1
624,0
2442,0
7949,2
251,2
3188,2
1218,0
6629,2
2550,0
2724,0
9709,1
9116,2
3983,2
7193,2
9022,1
6188,2
2953,1
7709,2
3798,0
5417,2
1416,0
5054,2
6297,0
7127,2
9962,2
7412,2
441,0
5946,0
9910,1
5008,1
9510,0
1188,0
5623,1
7384,1
9865,1
3792,0
5996,2
9726,0
7021,1
4020,0
1901,2
3714,0
3603,0
2653,1
1356,0
6447,0
7905,0
3088,1
1128,0
9363,0
6918,0
6778,1
6856,1
6627,0
2743,1
3375,0
708,0
1972,1
8483,2
6164,2
2404,1
5056,1
5927,2
1314,0
3175,1
6639,0
25,1
3490,1
8703,0
8020,1
1004,2
8242,1
9724,1
9868,1
1249,1
4592,2
2318,2
9745,1
1943,2
6705,0
2274,0
4429,1
8960,2
7017,0
7383,0
1586,2
243,0
2627,2
3361,1
7530,0
7035,0
6920,2
8852,2
2526,0
7644,0
5047,1
8197,1
6977,2
3985,1
1840,1
4656,0
630,0
7555,1
1276,1
3105,0
6772,1
2227,1
3665,2
1845,0
2411,2
2941,1
3528,0
8491,1
9221,2
422,2
8535,0
818,2
347,2
6910,1
2046,0
9987,0
2556,0
5767,1
1000,1
1046,2
3237,0
6415,1
723,0
709,1
3142,1
1847,2
8190,0
978,0
2192,2
8452,1
2161,1
2659,1
3255,0
9905,2
7233,0
6747,0
6863,2
361,1
6333,0
6429,0
6706,1
9766,1
2727,0
8993,2
3711,0
3630,0
164,2
9525,0
2940,0
5896,1
8003,2
7445,2
5483,2
180,0
4818,0
7240,1
6193,1
9976,1
6189,0
2293,1
3299,2
348,0
1898,2
2201,2
3908,2
6460,1
8187,0
7371,0
9049,1
6384,0
3191,2
2902,1
7771,1
6291,0
5494,1
6896,2
6924,0
3385,1
6074,2
2865,0
5846,2
4321,1
8893,1
5238,0
7947,0
8904,0
3253,1
4573,1
6011,2
5854,1
4842,0
1945,1
3163,1
1009,1
9656,2
7055,2
9293,2
9127,1
2446,1
2388,0
1214,2
3468,0
332,2
2751,0
3079,1
5450,2
3154,1
9331,1
1556,2
2913,0
6907,1
3433,1
3444,0
366,0
5064,0
5406,0
912,0
3031,1
4982,2
6886,1
594,0
4181,2
865,1
5672,2
6051,0
5401,1
6026,2
7265,2
9497,2
2030,2
1216,1
3851,2
3388,1
3579,0
2094,0
8945,2
8652,0
9587,2
3590,2
7928,2
2025,0
2239,1
2571,0
9017,2
8537,2
7086,0
1205,2
3637,1
8684,2
4901,2
1058,2
6484,1
9969,0
767,2
3415,1
9655,1
202,1
6577,1
1174,1
5205,0
7424,2
8562,0
5918,2
4956,0
6601,1
8949,0
1105,1
1440,0
4648,1
5602,1
8080,1
7511,2
6622,1
6553,1
8040,0
340,1
1837,1
4204,1
718,1
1877,2
7208,2
2424,0
2337,0
3117,0
5195,2
634,1
5774,2
981,0
3449,2
8847,0
1662,0
8263,1
5661,0
1373,2
3010,1
3794,2
691,1
3844,1
2409,0
1028,2
5503,1
6785,2
2746,1
2648,2
3374,2
6765,0
7715,2
9325,1
379,1
5269,1
3441,0
3823,1
524,2
1221,0
5178,0
8430,0
7767,0
6187,1
2433,0
9183,0
6963,0
2423,2
4926,0
3547,1
9989,2
6816,0
3452,2
9058,1
345,0
539,2
4644,0
6182,2
75,0
5350,1
1657,1
9995,2
8909,2
7890,0
6911,2
3271,1
5591,2
1387,1
3327,0
2156,2
5474,2
7430,2
5793,0
4544,2
1518,0
6532,1
716,2
4547,2
556,1
3165,0
7808,2
4844,2
6729,0
944,2
9992,2
4368,0
8470,1
2533,1
4549,1
4870,1
284,2
684,0
9428,2
3847,1
4570,1
7313,2
4265,2
1168,1
4062,0
4151,2
7150,1
5463,0
7427,2
8513,2
8314,1
1345,1
5981,2
6596,2
1938,0
1359,0
9379,1
3645,0
2618,2
3417,0
8408,2
2497,1
4974,0
9618,0
9576,0
2544,0
181,1
1281,0
9820,1
1445,2
9297,0
8901,0
6362,2
3953,2
7692,0
4551,0
4744,1
5316,0
9282,0
8948,2
4079,2
3058,1
4223,2
4073,2
2747,2
663,0
9015,0
9074,2
1283,2
3192,0
5091,0
5297,2
392,2
2663,2
1804,1
7257,0
8604,0
318,0
4085,2
892,1
1862,2
6397,1
5555,2
1715,2
9501,0
8565,0
9663,0
3868,1
9418,1
443,2
1700,2
953,2
456,0
2869,1
6743,2
7744,1
9489,0
9163,1
3943,1
7045,1
8763,0
5146,1
6086,2
6913,1
8011,1
799,1
6851,2
1678,1
8318,2
2990,2
4886,2
5772,0
7147,1
2443,1
7684,1
1444,1
3932,2
3153,0
1456,1
2022,0
4175,2
445,1
4704,0
8226,0
3472,1
2145,0
1923,0
5764,1
9832,1
8654,2
4190,2
774,0
3096,0
4931,2
9567,0
5718,0
3530,2
4102,1
3228,0
677,2
196,1
8786,2
1560,0
805,1
543,0
9484,1
7874,2
4488,0
7151,2
9050,2
6775,1
2816,2
1519,1
7602,0
6663,0
5963,2
377,2
4517,2
9232,1
58,1
1555,1
9981,0
8541,0
9309,0
3550,1
3608,2
8213,2
3222,0
7725,0
7093,1
5380,1
3189,0
7226,2
9882,0
3554,2
6024,0
101,2
5562,0
2519,2
6704,2
5805,0
5633,2
7164,0
4112,2
5247,0
4933,1
8141,2
6892,1
9854,2
1725,0
643,1
96,0
2666,2
3933,0
7334,2
1343,2
5258,2
3389,2
4400,2
573,0
146,2
1944,0
6864,0
9998,2
9391,1
158,2
9739,1
1370,2
3855,0
4309,1
330,0
3315,0
3016,1
8820,0
300,0
7712,2
797,2
7982,2
2585,2
6737,2
3698,2
298,1
6888,0
3683,2
4907,2
8953,1
5763,0
7039,1
4811,2
3737,2
9104,2
7081,1
2143,1
5241,0
5303,2
2867,2
6430,1
6208,1
8739,0
1618,1
7305,0
8000,2
31,1
3407,2
8093,2
254,2
6783,0
6354,0
1799,2
7620,0
1420,1
6401,2
712,1
3464,2
7417,1
3604,1
945,0
7583,2
2140,1
3556,1
3056,2
3413,2
9245,2
8236,1
9164,2
3555,0
5015,2
8253,0
1824,0
4116,0
857,2
2053,1
487,1
5563,1
9388,1
2324,2
8062,1
4314,0
9983,2
6992,2
4325,2
772,1
8994,0
2895,0
4688,2
2359,1
4450,1
6439,1
8092,1
3366,0
6201,0
3100,1
5942,2
9242,2
2555,2
520,1
6445,1
2047,1
6526,1
9018,0
8980,1
6030,0
9551,2
3069,0
4527,0
7214,2
1897,1
3231,0
1177,1
1651,1
7242,0
7131,0
236,2
4658,2
7691,2
1858,1
9088,1
6894,0
5184,0
468,0
6508,1
3562,1
8724,0
6368,2
6459,0
4920,0
2276,2
323,2
5331,0
6570,0
7752,0
5305,1
2272,1
714,0
6214,1
2906,2
103,1
3925,1
9622,1
3176,2
6486,0
5943,0
6469,1
9594,0
7476,0
5836,1
8736,0
7239,0
7420,1
7073,2
7979,2
3166,1
483,0
2620,1
1237,1
6565,1
2257,1
7885,1
438,0
5933,2
1673,2
9669,0
267,0
8015,2
2785,1
5913,0
5136,0
988,1
7619,2
4883,2
9822,0
6694,1
6433,1
8807,2
4118,2
3898,1
8041,1
4837,1
6576,0
7411,1
2458,1
7106,2
5935,1
5541,0
9642,0
390,0
4470,0
7388,2
5950,1
7429,1
8833,1
8838,0
3507,0
9858,0
642,0
3510,0
7873,1
3607,1
1582,1
9502,1
6076,1
3226,1
8320,1
7409,2
5321,2
2371,1
1363,1
547,1
7825,1
5218,1
9990,0
1782,0
9771,0
9102,0
5678,2
1012,1
1607,2
6742,1
6471,0
3051,0
854,2
3250,1
6312,0
4888,1
5471,2
2496,0
8416,1
5835,0
2634,0
7330,1
3596,2
5841,0
5894,2
967,1
6428,2
5114,2
4848,0
1235,2
8380,1
9130,1
6449,2
2206,1
5454,0
7636,1
4632,0
780,0
1169,2
7779,0
7462,1
8118,0
9185,2
6336,0
2505,0
8738,2
6960,0
4646,2
969,0
5232,0
2963,2
9534,0
9671,2
4108,1
741,0
2714,2
4674,0
7396,1
1906,1
9720,0
9564,0
480,0
9065,2
2317,1
6377,2
7822,1
4499,2
8010,0
9192,0
4312,1
2973,0
2149,1
2414,2
7988,2
2847,0
1836,0
1739,2
9076,1
3338,2
9609,0
4673,2
7864,1
6956,2
6824,2
2416,1
8031,0
1019,2
5202,0
3617,2
4251,0
7276,1
3283,1
7939,1
8172,0
8517,0
4457,2
9037,1
6186,0
6717,0
5856,0
1123,1
5070,0
3345,0
9536,2
1102,1
5140,1
4176,0
8987,2
6360,0
368,2
4382,2
6324,0
7057,1
5396,2
4344,0
286,1
2890,1
2527,1
2926,1
8244,0
8907,0
5947,1
8935,1
9249,0
1874,2
4144,1
1974,0
4610,2
6535,1
3668,2
4211,2
2948,2
1625,2
3330,0
7987,1
2134,1
2142,0
3606,0
7713,0
2036,2
7375,1
8686,1
5020,1
3820,1
9478,1
8995,1
8800,1
7302,0
3414,0
6599,2
6606,0
6766,1
5863,1
4759,1
6212,2
9470,2
9732,0
2451,0
6342,0
4501,1
956,2
9849,0
8428,1
3749,2
1500,0
2356,1
6147,0
1091,2
6836,2
5732,2
6236,2
481,1
5978,2
1515,0
5739,0
6839,2
4333,1
7212,0
8309,2
8140,1
770,2
575,2
3457,1
1575,0
733,1
2928,0
6813,0
5532,0
2621,2
4812,0
3531,0
1458,0
8671,1
6280,1
5110,1
3922,1
6881,2
1010,2
5845,1
3044,2
3569,2
7125,0
6989,2
7996,1
7622,2
6975,0
5516,2
5366,2
7146,0
3171,0
6234,0
5607,0
2330,2
686,2
4586,2
2362,1
1147,1
687,0
6979,1
295,1
230,2
9573,0
5271,0
8036,2
7368,0
1576,1
6587,2
3052,1
3917,2
7250,2
6167,2
8275,1
5009,2
3282,0
727,1
7913,2
4200,0
8356,1
5902,1
3582,0
8633,2
6015,0
7811,2
9401,2
4219,1
8625,0
7042,1
7483,1
5900,2
4942,1
9722,2
5701,1
5289,0
8266,1
9889,1
79,1
1248,0
5328,0
148,1
428,2
1239,0
8444,2
9777,0
4755,0
8752,1
3462,0
3790,1
389,2
4831,1
2771,2
6070,1
8533,1
5601,0
1144,1
9158,2
1971,0
2748,0
1683,0
2390,2
5923,1
1876,1
9635,2
9819,0
2773,1
6127,1
9984,0
8414,2
7460,2
5754,0
597,0
7971,0
6523,1
7008,0
153,0
1886,2
6472,1
2162,2
1963,1
3808,1
1624,1
8377,1
5120,2
359,2
9936,0
7362,0
4899,0
646,1
1278,0
1747,1
8571,0
9445,1
4833,0
9115,1
7110,0
5456,2
4695,0
1031,2
6347,2
2467,1
6355,1
8764,1
4864,1
3055,1
2100,0
3054,0
7886,2
7906,1
4800,0
9522,0
1021,1
3495,0
4278,0
1291,1
4329,0
4997,2
7754,2
8660,2
6662,2
147,0
7839,0
8823,0
4300,1
7601,2
5600,2
8103,0
2187,0
7832,2
1353,0
1263,0
1327,1
5340,0
6403,1
6574,1
5488,1
8337,0
4761,0
5668,1
2850,0
7325,2
834,0
3592,1
8474,2
5485,1
8282,2
1524,0
4059,0
3465,0
8379,0
6066,0
8199,0
7897,1
6952,1
578,2
3492,0
3538,1
4731,0
1671,0
5689,1
2649,0
4892,2
1240,1
4659,0
9610,1
3132,0
9038,2
2622,0
6246,0
5952,0
510,0
27,0
5833,1
6044,2
258,0
703,1
3048,0
9460,1
3945,0
7877,2
1161,0
6332,2
3448,1
5911,1
1066,1
2967,0
5428,1
375,0
7743,0
3344,2
4352,2
8327,2
4882,1
1559,2
8587,1
9974,2
3070,1
1948,1
5094,0
8968,1
476,2
8117,2
8855,2
8759,2
7578,0
2445,0
7755,0
1132,1
378,0
5647,1
2691,0
287,2
9509,2
3609,0
6379,1
8047,1
7230,0
7651,1
5464,1
9750,0
5099,2
5139,0
2887,1
3178,1
167,2
4873,1
9828,0
840,0
2981,2
4339,1
7706,2
8803,1
1603,1
5215,1
925,1
4017,0
4086,0
4052,2
2469,0
3450,0
4039,1
4714,1
2754,0
678,0
7251,0
1233,0
1800,0
2689,1
4420,1
100,1
5630,2
4294,1
8057,2
7078,1
1743,0
2364,0
4571,2
3774,0
4616,2
5372,2
357,0
8885,2
3734,2
2870,2
9175,1
2832,0
7529,2
9528,0
2476,1
4771,1
1379,2
4531,1
1896,0
2907,0
2386,1
7717,1
8957,2
2520,0
2286,0
4315,1
6666,0
9685,1
7986,0
3755,2
9641,2
4242,0
7521,0
3156,0
6967,1
9288,0
9638,2
8557,1
4322,2
1094,2
8661,0
501,0
5475,0
5849,2
1358,2
3807,0
2604,0
7135,1
8801,2
1065,0
8534,2
3777,0
2016,0
5527,1
1107,0
3742,1
9894,0
1856,2
2413,1
1351,1
5403,0
3214,1
8239,1
1682,2
6248,2
9580,1
2070,0
1703,2
908,2
671,2
7592,2
4538,2
9637,1
8066,2
4365,0
7787,2
6912,0
3950,2
7215,0
5991,0
4432,1
3371,2
4188,0
8896,1
5865,0
3455,2
7421,2
1742,2
7783,1
8046,0
2828,2
8101,1
2980,1
1229,2
1492,1
2427,0
9877,1
8280,0
3292,1
1241,2
8969,2
4963,1
6277,1
5853,0
2781,0
3049,1
2925,0
3101,2
4362,0
8520,0
5721,0
8669,2
8122,1
9296,2
2665,1
5581,1
6853,1
9247,1
8301,0
6257,2
9963,0
6675,0
2927,2
637,1
2745,0
5504,2
6582,0
2203,1
559,1
1679,2
5354,2
9707,2
620,2
6768,0
5012,2
3021,0
9531,0
6133,1
3387,0
3814,1
6970,1
809,2
6198,0
5411,2
3741,0
8839,1
3799,1
4089,0
8621,2
9687,0
8664,0
9343,1
3614,2
8175,0
209,2
7533,0
3120,0
5982,0
6219,0
1085,2
4905,0
6497,2
4697,2
5065,1
9957,0
9154,1
9218,2
6749,2
9738,0
9304,1
3819,0
1612,1
6141,0
8218,1
162,0
4707,0
7249,1
7746,0
6644,2
1816,1
7694,2
8678,2
7870,1
9643,1
71,2
1313,2
8882,2
9872,2
83,2
8090,2
2514,0
1382,2
7732,1
5444,2
6578,2
9628,1
3773,2
2076,0
1297,1
9345,0
6200,2
8658,0
2769,0
4613,2
7489,1
4829,2
2553,0
5786,2
9495,0
7647,0
2000,2
2380,1
4577,2
198,0
3302,2
8705,2
3242,2
8056,1
850,1
9923,2
1572,0
4323,0
4259,2
2186,2
9621,0
7433,2
5236,1
4984,1
8667,0
9741,0
749,2
3266,2
6020,2
5413,1
5224,1
7989,0
1329,0
9264,0
7426,1
2669,2
5575,1
6114,0
5851,1
8521,1
8250,0
4384,1
132,0
5820,0
1466,2
8136,0
1570,1
7317,0
414,0
5664,0
5176,1
8806,1
8599,1
9436,1
8420,2
109,1
4628,2
233,2
2229,0
924,0
3357,0
7659,0
1,1
7467,0
6598,1
7015,1
413,2
693,0
436,1
7403,2
9278,2
6054,0
3281,2
3139,1
215,2
2042,2
3470,2
3840,0
2194,1
2573,2
2020,1
3740,2
8580,0
8740,1
2228,2
7355,2
2417,2
6034,1
3078,0
2457,0
7410,0
1550,2
6804,0
2930,2
4986,0
9150,0
775,1
3204,0
8982,0
1163,2
4785,0
2647,1
7101,0
8651,2
7121,2
4250,2
5034,0
5910,0
8781,0
3224,2
9701,2
3940,1
4290,0
3379,1
4559,2
5280,0
5364,0
9442,1
2055,0
7820,2
1264,1
5414,2
3084,0
5263,1
6890,2
1459,1
982,1
810,0
8594,2
1894,1
3162,0
6014,2
6916,1
4597,1
8479,1
2473,1
3575,2
4055,2
396,0
640,1
1311,0
9740,2
9080,2
1834,1
3545,2
8105,2
9521,2
9188,2
9369,0
1786,1
9955,1
6520,1
8128,1
3669,0
3760,1
2957,2
9126,0
7217,2
6098,2
5583,0
4029,0
1604,2
7323,0
7359,0
7109,2
5816,2
9888,0
8373,0
5117,2
8477,2
3733,1
3118,1
5687,2
6957,0
5407,1
4266,0
753,0
7697,2
467,2
1494,0
7883,2
3745,1
7180,1
7845,0
9368,2
4528,1
9764,2
1322,2
6682,1
9807,0
2595,0
8366,2
5808,0
2379,0
9415,1
3212,2
4468,1
6028,1
3316,1
6848,2
2460,0
4489,1
1860,0
6731,2
6730,1
8698,1
1352,2
3882,0
5686,1
2348,2
5440,1
717,0
3831,0
6211,1
8054,2
1227,0
5030,2
5599,1
5999,2
6516,0
4275,0
8371,1
7479,0
2804,2
5447,2
6631,1
1496,2
5164,1
9159,0
3319,1
9228,0
1316,2
5693,2
6652,1
4746,0
7332,0
9105,0
3976,1
9135,0
7882,1
6528,0
3395,2
9002,2
3244,1
4487,2
1932,0
9341,2
316,1
2284,1
5699,2
1172,2
3296,2
2019,0
5652,0
213,0
4682,2
6544,1
1969,1
8549,2
506,2
1312,1
3039,0
4593,0
9500,2
845,2
625,1
3004,1
7234,1
6603,0
8774,2
5310,0
2954,2
2782,1
3109,1
6310,1
2584,1
9308,2
5679,0
508,1
1697,2
4230,0
9479,2
6002,2
9545,2
3150,0
8482,1
3477,0
2984,2
6934,1
3438,0
4866,0
6815,2
4769,2
9676,1
4554,0
4580,2
3577,1
1483,1
9555,0
9599,2
5424,0
9390,0
9647,2
9633,0
4618,1
9103,1
4484,2
9100,1
6909,0
8514,0
1540,1
4049,2
7059,0
863,2
3994,1
836,2
6857,2
3239,2
6487,1
2512,1
8345,2
1659,0
2719,1
5361,0
6488,2
2738,2
7607,2
7976,2
2891,2
8178,0
6064,1
4535,2
2261,2
8061,0
3612,0
1729,1
6130,1
5002,1
2084,2
5719,1
3767,2
7648,1
1158,0
410,2
7708,1
2403,0
9778,1
427,1
9151,1
4179,0
211,1
4013,2
2209,1
7729,1
2389,1
4094,2
3159,0
1821,0
8276,2
1953,0
8853,0
9382,1
8854,1
2602,1
194,2
6295,1
8721,0
4560,0
7397,2
6510,0
5889,0
2900,2
655,1
7557,0
3007,1
6233,2
9380,2
2219,2
2013,0
6579,0
3392,2
288,0
7329,0
3398,2
253,1
2058,0
6680,2
4044,0
5890,1
3127,1
5089,1
7801,1
9178,1
6139,1
4069,1
3779,2
6794,2
7173,0
3301,1
4072,1
1650,0
5086,1
1371,0
2253,0
1207,1
3762,0
4464,0
8773,1
8687,2
1268,2
4841,2
7307,2
353,2
976,1
9972,0
4047,0
1522,1
1960,1
3359,2
9973,1
8733,0
5536,1
9548,2
7223,2
3335,2
724,1
4858,1
8385,0
8386,1
1001,2
4611,0
224,2
3097,1
6502,1
3913,1
8,2
7176,0
3613,1
5638,1
5797,1
7799,2
5183,2
1547,2
9347,2
8255,2
1644,0
2074,1
7718,2
9869,2
4056,0
3356,2
9673,1
8492,2
8454,0
2291,2
8850,0
4238,2
8613,0
7638,0
3092,2
2202,0
9227,2
5983,1
8471,2
8389,1
859,1
1392,0
2974,1
3310,1
3828,0
5330,2
2438,2
7378,1
4838,2
681,0
755,2
5989,1
4957,1
3860,2
4036,1
4288,1
9760,1
5564,2
2559,0
2361,0
1133,2
3308,2
8001,0
5893,1
207,0
5151,0
5887,1
9862,1
8696,2
5932,1
6566,2
5426,2
2207,2
7770,0
3278,2
6563,2
2435,2
1406,2
4347,0
8614,1
2124,0
4623,0
9571,1
537,0
6151,1
1209,0
4595,2
6638,2
2111,2
3810,0
6452,2
7509,0
9295,1
6393,0
1335,0
7247,2
7635,0
8783,2
2694,0
3678,0
8152,1
8359,1
7505,2
3149,2
9137,2
5162,2
5770,1
5115,0
7860,0
5048,2
4725,0
5242,1
7363,1
5616,0
6285,0
6046,1
9917,2
9464,2
260,2
5160,0
6561,0
8098,1
5728,1
2964,0
9174,0
1987,1
8340,0
9337,1
4605,0
6399,0
7895,2
1100,2
9376,1
2395,1
4040,2
7829,2
7163,2
5724,0
2723,2
9692,2
218,2
5543,2
9780,0
7579,1
3866,2
9585,0
6734,2
1415,2
3331,1
3426,0
3135,0
8237,2
5143,1
9824,2
6496,1
7091,2
7051,1
6482,2
2168,2
4815,0
3975,0
2920,1
8992,1
8829,0
6936,0
9201,0
4135,1
234,0
2894,2
5722,1
6758,2
2077,1
9455,2
4915,1
4773,0
2853,0
8370,0
4427,2
5659,1
9749,2
2570,2
2915,2
338,2
6829,1
1450,1
4295,2
6281,2
4948,1
494,2
1338,0
8037,0
5027,2
7448,2
6474,0
1913,2
9644,2
402,0
8861,2
4805,2
4071,0
3167,2
4819,1
1484,2
1991,2
5855,2
3340,1
5277,0
8158,1
9666,0
2178,0
4862,2
7209,0
6226,1
4512,0
5692,1
471,0
2586,0
2,2
593,2
9269,2
2735,2
2003,2
5995,1
6946,1
9727,1
9769,1
8592,0
2063,2
8267,2
9743,2
94,1
2065,1
1136,2
5919,0
5840,2
3116,2
6302,2
9803,2
1367,2
8518,1
3895,1
5322,0
7159,1
8074,1
9659,2
5416,1
3521,2
9964,1
8259,0
3832,1
7053,0
7938,0
1402,1
7753,1
5208,0
3634,1
9340,1
1677,0
4173,0
5446,1
2541,0
3381,0
2402,2
9209,2
3086,2
9817,1
1383,0
616,1
2287,1
5636,2
3440,2
3561,0
5802,0
265,1
7577,2
4706,2
7061,2
8797,1
1774,1
8159,2
9591,0
5874,0
7593,0
5253,0
1614,0
3962,2
6931,1
7107,0
5971,1
8569,1
6825,0
349,1
1776,0
4317,0
4434,0
3566,2
8793,0
9315,0
3075,0
8933,2
8975,2
8459,2
5300,2
896,2
4685,2
6770,2
6373,1
3946,1
9414,0
5391,0
914,2
4313,2
3754,1
6113,2
4202,2
8383,1
81,0
1568,2
3023,2
8469,0
5306,2
8357,2
404,2
9770,2
8294,2
182,2
4721,2
9592,1
9068,2
5308,1
9892,1
9339,0
9966,0
3341,2
3194,2
3764,2
9616,1
4970,2
5662,1
1407,0
1039,1
782,2
6762,0
689,2
6432,0
7720,1
9940,1
3251,2
9000,0
7569,0
3199,1
581,2
8132,2
7229,2
4780,1
6679,1
4951,1
5892,0
795,0
2931,0
9697,1
6443,2
1997,2
760,1
5888,2
11,2
2185,1
2394,0
1145,2
2970,0
2176,1
7974,0
1042,1
4702,1
5057,2
2255,2
1852,1
3696,0
5419,1
2044,1
5025,0
1557,0
4481,2
5697,0
8060,2
2767,1
6876,0
2103,0
3011,2
7394,2
1992,0
2159,2
384,0
3370,1
2655,0
8713,1
4803,0
9941,2
667,1
8942,2
3459,0
7719,0
9980,2
4375,1
1990,1
1881,0
3626,2
8620,1
9409,1
8069,2
3673,1
8824,1
7050,0
2676,0
8446,1
2616,0
7295,2
1194,0
855,0
2350,1
4978,1
9898,1
890,2
589,1
7961,2
1601,2
5106,0
5441,2
705,0
8201,2
8296,1
5533,1
8622,0
9533,2
3587,2
3610,1
9852,0
523,1
9700,1
6140,2
6145,1
814,1
3093,0
6805,1
5249,2
391,1
4530,0
6551,2
2639,2
2810,2
4979,2
5393,2
343,1
134,2
2012,2
5358,0
5799,0
1223,2
2741,2
4077,0
1036,1
9169,1
8336,2
4747,1
9595,1
8147,2
7668,0
5290,1
4331,2
2131,1
2729,2
2475,0
4436,2
7887,0
4668,0
6511,1
1941,0
7953,0
199,1
7884,0
412,1
7818,0
2190,0
5603,2
1154,2
5307,0
9089,2
8317,1
4972,1
6903,0
7275,0
6060,0
9424,1
6495,0
7623,0
4,1
7130,2
5525,2
4569,0
7518,0
9155,2
3437,2
7294,1
7418,2
7498,1
1088,2
831,0
8795,2
9251,2
568,1
7784,2
2463,0
2212,1
6129,0
7126,1
8126,2
420,0
9754,1
4781,2
4498,1
5129,2
1889,2
2572,1
5813,2
5968,1
7937,2
8554,1
9262,1
1763,2
9423,0
2135,2
1272,0
1176,0
8184,0
8846,2
5049,0
393,0
9884,2
5709,0
5698,1
609,0
5750,2
4891,1
3256,1
5313,0
4608,0
145,1
7942,1
9396,0
3136,1
6513,0
4273,1
5749,1
1461,0
7108,1
528,0
5790,0
3295,1
5023,1
4466,2
5509,1
1215,0
7425,0
5639,2
3989,2
5653,1
881,2
6720,0
6727,1
7812,0
4596,0
6684,0
2590,1
5822,2
205,1
6802,1
7923,0
6271,1
3329,2
3666,0
641,2
9229,1
6326,2
6676,1
5095,1
8900,2
6549,0
5062,1
4064,2
6367,1
6612,0
7340,2
1983,0
6722,2
5042,2
710,2
2518,1
873,0
6632,2
629,2
765,0
4766,2
4894,1
9979,1
3984,0
8424,0
6906,0
4218,0
8624,2
490,1
7892,2
6087,0
1083,0
2258,2
4332,0
9919,1
6378,0
9057,0
5282,2
1411,1
8070,0
6708,0
2260,1
8079,0
1186,1
750,0
2064,0
5880,0
9203,2
1030,1
9499,1
2307,0
3705,0
819,0
127,1
3184,1
2263,1
5045,2
4975,1
1090,1
5944,1
5286,0
8091,0
6657,0
4620,0
8804,2
6121,1
5848,1
4614,0
3198,0
1460,2
6837,0
8814,0
9012,0
7670,2
4619,2
2081,2
1527,0
3083,2
1733,2
861,0
1290,0
1998,0
3500,2
2975,2
7716,0
8502,0
802,1
3280,1
8166,0
844,1
1885,1
7819,1
1369,1
7379,2
8584,1
7361,2
3471,0
7693,1
7841,2
7680,0
895,1
602,2
8499,0
8084,2
7669,1
5736,0
9305,2
6229,1
1525,1
7166,2
77,2
9774,0
8228,2
7111,1
695,2
6231,0
3174,0
5535,0
4865,2
8145,0
7594,1
5501,2
544,1
8279,2
7857,0
7443,0
7830,0
5500,1
9386,2
1814,2
1153,1
2843,2
5729,2
5096,2
7562,2
1554,0
746,2
6458,2
5498,2
3986,2
3843,0
7682,2
4840,1
3158,2
891,0
4134,0
5796,0
9574,1
9301,1
3944,2
4830,0
7597,1
8418,0
968,2
8985,0
5410,1
4066,1
1890,0
4239,0
3486,0
3324,0
7634,2
1137,0
6422,2
7353,0
998,2
3513,0
5964,0
909,0
5369,2
599,2
9763,1
9142,1
6100,1
2313,0
7631,2
619,1
1267,1
326,2
360,0
6799,1
5451,0
9535,1
7347,0
4633,1
3861,0
1503,0
6303,0
9615,0
451,1
1751,2
1835,2
4034,2
116,2
7413,0
5644,1
8623,1
7917,0
4345,1
1672,1
7554,0
2363,2
2471,2
4038,0
5760,0
8634,0
6867,0
5461,1
9166,1
706,1
3138,0
5587,1
5608,1
4964,2
4405,1
8769,0
4205,2
6163,1
9515,2
6990,0
995,2
8017,1
6390,0
6381,0
9349,1
8151,0
1394,2
1709,2
5815,1
1198,1
7605,0
7932,0
1699,1
8734,1
2489,2
6849,0
6998,2
3628,1
4505,2
6376,1
8431,1
5338,1
9835,1
4088,2
563,2
883,1
9193,1
7975,1
38,2
7558,1
5312,2
6507,0
6540,0
3108,0
4348,1
9241,1
355,1
638,2
700,1
2982,0
3517,1
8331,0
9698,2
3785,2
319,1
5109,0
6759,0
7525,1
1443,0
8919,0
6847,1
6357,0
7502,2
3333,0
8810,2
8691,0
9005,2
5383,1
4796,2
7526,2
2113,1
7269,0
7800,0
7506,0
9520,1
4639,1
9303,0
5684,2
8254,1
3300,0
6300,0
4960,1
3221,2
7814,2
9148,1
1689,0
2034,0
4930,1
3924,0
1068,0
4809,0
9384,0
9419,2
5658,0
7781,2
6371,2
7457,2
632,2
5043,0
8509,1
8392,1
6887,2
2246,2
8478,0
2768,2
3502,1
6923,2
3102,0
3941,2
1627,1
3888,0
9286,1
9348,0
829,1
6043,1
2710,1
4629,0
7742,2
4555,1
9360,0
500,2
6307,1
3320,2
9547,1
3560,2
3930,0
1684,1
8611,1
6276,0
7849,1
8668,1
6721,1
5897,2
1306,1
5256,0
9530,2
3290,2
5610,0
9109,1
1151,2
3811,1
2231,2
669,0
2898,0
6674,2
1447,1
5225,2
6314,2
4057,1
7828,1
4485,0
5785,1
274,1
8856,0
826,1
9784,1
9856,1
5513,2
8319,0
5479,1
439,1
6692,2
1286,2
2662,1
6568,1
4650,0
2066,2
3216,0
1507,1
5248,1
34,1
7341,0
6753,0
8085,0
4937,2
3412,1
2353,1
1707,0
5974,1
3152,2
5335,1
9704,2
6714,0
358,1
7450,1
3980,2
1546,1
3727,1
2830,1
4445,2
6672,0
1717,1
9,0
6202,1
1646,2
8304,0
6057,0
6696,0
5465,2
2908,1
1954,1
4399,1
2803,1
5155,1
4024,1
8484,0
7167,0
6558,0
9397,1
7964,2
2564,2
4393,1
4371,0
8208,0
1413,0
2535,0
9798,0
9260,2
9928,1
561,0
5156,2
8868,0
4178,2
7004,2
2845,1
2685,0
488,2
9775,1
8821,1
1892,2
3918,0
7805,2
3885,0
6374,2
2129,2
8215,1
3914,2
3806,2
5920,1
9322,1
9064,1
4934,2
3532,1
5857,1
3783,0
9316,1
1675,1
2614,1
8712,0
5365,1
5700,0
7782,0
8922,0
217,1
8052,0
9462,0
2877,0
3006,0
730,1
4880,2
1565,2
2105,2
1922,2
3676,1
6185,2
1303,1
1952,2
2834,2
5123,2
6517,1
8486,2
2396,2
6296,2
12,0
6470,2
8168,2
8451,0
8731,1
9131,2
4786,1
9230,2
3657,0
5478,0
5531,2
5317,1
8391,0
7695,0
2642,2
9004,1
743,2
3781,1
2770,1
5438,2
3966,0
1181,2
8311,1
1811,2
4227,0
381,0
5343,0
3230,2
6552,0
8163,0
6803,2
6546,0
1323,0
2343,0
1287,0
1499,2
9861,0
1762,1
9811,1
7459,1
4083,0
2300,2
4174,1
4156,1
7916,2
899,2
9653,2
7115,2
2110,1
434,2
2439,0
8027,2
5318,2
1003,1
5839,1
1929,0
6039,0
1274,2
4091,2
6475,1
8134,1
5227,1
7090,1
9560,2
7463,2
3436,1
652,1
8453,2
757,1
1326,0
507,0
4249,1
3038,2
3005,2
2693,2
5222,2
3890,2
124,1
4657,1
1790,2
4075,1
201,0
3588,0
9959,2
5883,0
1504,1
4947,0
9629,2
4634,2
3241,1
1412,2
5705,2
2154,0
7935,0
2106,0
3835,1
9765,0
129,0
720,0
9246,0
9773,2
2015,2
7171,1
2711,2
6755,2
7868,2
9670,1
5405,2
1532,2
2888,2
7339,1
9272,2
1940,2
6309,0
8984,2
7224,0
3687,0
2566,1
9121,1
2983,1
4360,1
4774,1
675,0
6904,1
1968,0
1735,1
3098,2
5666,2
8076,0
7490,2
3948,0
2692,1
1393,1
6723,0
4308,0
8195,2
1610,2
6107,2
8325,0
469,1
3473,2
1488,0
3654,0
1841,2
5861,2
2952,0
9512,2
416,2
2491,1
1062,0
5294,2
30,0
3852,0
3291,0
1342,1
8133,0
4363,1
302,2
5613,0
9883,1
5152,1
3686,2
5288,2
9377,2
3515,2
6818,2
241,1
2279,2
4019,2
7615,1
8548,1
6290,2
1389,0
9718,1
8653,1
9605,2
1143,0
8440,1
6435,0
8880,0
2453,2
1101,0
9061,1
5036,2
793,1
5415,0
282,0
5217,0
9054,0
4821,0
9624,0
8167,1
6514,1
1718,2
8490,0
8689,1
8372,2
8944,1
7827,0
6358,1
3730,1
6370,1
1600,1
3516,0
2728,1
1055,2
5295,0
9366,0
5111,2
6068,2
5122,1
8699,2
4327,1
1801,1
6179,2
3990,0
9362,2
5147,2
2780,2
3595,1
7855,1
4834,1
238,1
937,1
7588,1
8878,1
6082,1
5761,1
7133,2
4995,0
2787,0
2123,2
6209,2
7893,0
1129,1
5994,0
4061,2
9475,1
721,1
6352,1
3262,1
2998,1
8365,1
4212,0
5250,0
2538,0
2367,0
1160,2
6398,2
8397,0
4935,0
8024,2
5972,2
1275,0
9583,1
5363,2
1377,0
9170,2
4950,0
2085,0
2256,0
7350,0
5194,1
546,0
3540,0
3627,0
1467,0
5542,1
7211,2
2534,2
1304,2
8515,1
3667,1
8694,0
6274,1
306,0
8189,2
8665,1
2722,1
9067,1
885,0
943,1
7740,0
6733,1
1794,0
8780,2
7519,1
6,0
1839,0
4987,1
8913,0
8540,2
1509,0
169,1
1421,2
6724,1
7482,0
1982,2
5645,2
4286,2
6555,0
4177,1
8030,2
4604,2
2369,2
3397,1
8546,2
2607,0
8065,1
9431,2
515,2
7304,2
2829,0
5097,0
5040,0
3422,2
1376,2
7178,2
5864,2
9207,0
7190,2
8264,2
2551,1
1436,2
2248,1
3339,0
33,0
3662,2
904,1
8570,2
936,0
5079,0
3476,2
1075,1
3418,1
5206,1
401,2
5,2
1380,0
4448,2
7373,2
2398,1
4500,0
2254,1
1802,2
9070,1
8864,2
4396,1
239,2
8013,0
8672,2
4283,2
4012,1
8924,2
992,2
7316,2
3838,1
3270,0
5523,0
9336,0
8600,2
463,1
2700,0
1344,0
7565,2
9938,2
6442,1
4143,0
8400,0
8747,2
1994,2
6404,2
1812,0
1254,0
545,2
2819,2
1430,2
2594,2
548,2
7872,0
2683,1
5230,1
2917,1
3172,1
9007,1
1680,0
7653,0
7118,2
766,1
7321,1
5538,0
8205,0
8778,0
1723,1
915,0
3267,0
1079,2
9855,0
7570,1
5279,2
580,1
4296,0
2946,0
4272,0
4080,0
9759,0
9457,1
7649,2
183,0
8751,0
4376,2
1400,2
5239,1
1947,0
9679,1
9507,0
4150,1
7958,2
5912,2
8923,1
1622,2
5723,2
8888,2
4065,0
6206,2
3973,1
8426,2
8179,1
4765,1
8220,0
7213,1
95,2
7796,2
6316,1
5174,2
2213,2
9953,2
9314,2
2532,0
2419,1
5476,1
9933,0
1120,1
1236,0
4228,1
5349,0
7650,0
3787,1
8196,0
5246,2
9768,0
9381,0
6350,2
8443,1
9565,1
5131,1
6547,1
1479,0
188,2
3551,2
8863,1
4101,0
9911,2
9208,1
3026,2
8173,1
6790,1
7036,1
6032,2
7152,0
3978,0
496,1
7181,2
4289,2
8252,2
7472,2
4533,0
7138,1
5223,0
9867,0
9211,1
362,2
5186,2
1022,2
3936,0
4167,0
3658,1
1245,0
3141,0
4263,0
9281,2
5370,0
5929,1
9710,2
8171,2
5134,1
7788,0
9967,1
7056,0
6275,2
4127,2
8230,1
5437,1
7311,0
2897,2
8753,2
6389,2
1660,1
8262,0
1995,0
8609,2
4716,0
6197,2
6394,1
862,1
866,2
168,0
3780,0
3209,2
9162,0
7064,2
5597,2
5262,0
5660,2
9033,0
22,1
5210,2
3995,2
7981,1
4302,0
1273,1
2989,1
10,1
7038,0
9144,0
9680,2
6945,0
2715,0
331,1
9483,0
6237,0
2426,2
1549,1
4961,2
2939,2
1095,0
2672,2
8299,1
6083,2
1667,2
2522,2
163,1
5506,1
8219,2
5000,2
8501,2
8709,0
5917,1
9139,1
2684,2
5092,1
1259,2
6150,0
2296,1
6940,1
4241,2
3706,1
2601,0
9090,0
1608,0
4662,0
7013,2
902,2
918,0
636,0
3286,1
200,2
7876,1
4581,0
2462,2
3512,2
6304,1
5148,0
308,2
2247,0
7766,2
5829,0
4318,1
606,0
2641,1
6157,1
6781,1
2753,2
2392,1
9879,0
6715,1
9191,2
4923,0
6524,2
8732,2
6659,2
5209,1
6264,0
9177,0
6431,2
4988,2
3638,2
5648,2
843,0
2075,2
9271,1
991,1
4006,1
4452,0
4514,2
9808,1
8496,0
7972,1
4461,0
6222,0
3695,2
4601,2
3360,0
8139,0
1937,2
1493,2
7195,1
5922,0
1070,2
740,2
9717,0
5388,0
526,1
5360,2
653,2
6791,2
6718,1
1902,0
3552,0
155,2
423,0
4000,1
1410,0
6971,2
2516,2
3409,1
5472,0
4441,1
7595,2
7381,1
963,0
3201,0
1596,0
6417,0
7153,1
3846,0
592,1
1904,2
5837,2
5112,0
9326,2
7210,1
876,0
4194,0
351,0
5618,2
1508,2
8590,1
7382,2
3789,0
7083,0
2549,2
9931,1
6636,0
6879,0
7246,1
6018,0
5273,2
688,1
1975,1
9036,0
7806,0
172,1
9059,2
6103,1
2880,0
5925,0
8245,1
9352,1
7243,1
2935,1
1231,1
1116,0
82,1
4486,1
3700,1
8879,2
1262,2
3786,0
5337,0
3454,1
7351,1
9915,0
4231,1
1977,0
4794,0
4857,0
4543,1
3350,2
5430,0
1719,0
3467,2
828,0
5007,0
8485,1
3883,1
9189,0
806,2
1135,1
4603,1
8966,2
6777,0
9737,2
3249,0
1049,2
5283,0
7918,1
5590,1
648,0
1162,1
8322,0
4775,2
972,0
9821,2
3659,2
4502,2
5782,1
307,1
9511,1
8822,2
6651,0
9802,1
9108,0
6203,2
5530,1
279,0
4276,1
6519,0
5715,0
498,0
6058,1
1720,1
6835,1
9454,1
9729,0
7548,0
1888,1
4855,1
3525,0
2295,0
246,0
5408,2
2200,1
400,1
9113,2
1471,1
310,1
2664,0
66,0
571,1
9993,0
2562,0
4572,0
4574,2
7120,1
6832,1
7464,0
6732,0
1567,1
4402,1
4304,2
4388,2
5510,2
8848,1
2871,0
7187,2
4226,2
452,2
317,2
2608,1
1939,1
5695,1
40,1
5390,2
6480,0
2095,1
8808,0
6159,0
6955,1
4122,0
7628,2
3520,1
6501,0
4647,0
5828,2
8157,0
7664,2
4740,0
1931,2
5434,1
7354,1
4443,0
4561,1
2737,1
3432,0
4195,1
2130,0
130,1
5137,1
7219,1
3480,0
9240,0
2882,2
3352,1
3897,0
7197,0
6725,2
6424,1
3652,1
4252,1
1300,1
2500,1
9165,0
20,2
4014,0
2179,1
919,1
9196,1
6926,2
9781,1
5656,1
3482,2
1419,0
9620,2
9920,2
8860,1
6111,0
6678,0
3304,1
2863,1
7621,1
2169,0
8376,0
68,2
1831,1
2798,2
7965,0
3546,0
1435,1
9469,1
3298,1
3187,1
3635,2
8788,1
5093,2
415,1
8931,0
6334,1
7915,1
1832,2
7136,2
7434,0
697,1
5059,1
9359,2
5197,1
9266,2
4827,0
7500,0
2262,0
6789,0
8395,1
91,1
2911,1
9237,0
9268,1
7123,1
4806,0
1748,2
3504,0
3664,1
1390,1
9935,2
6840,0
5127,0
2713,1
2005,1
3651,0
5502,0
9588,0
4287,0
2596,1
4214,2
8164,1
5554,1
5287,1
6647,2
9830,2
2346,0
4155,0
6872,2
7852,1
5641,1
1536,0
9804,0
4110,0
880,1
9134,2
9075,0
9909,0
3812,2
6455,2
3589,1
5339,2
7573,1
9789,0
7085,2
6533,2
5231,2
9876,0
1355,2
622,1
8914,1
8835,0
7066,1
5268,0
4943,2
2842,1
1744,1
7119,0
9792,0
3616,1
2615,2
3177,0
6616,1
3121,1
8404,1
8745,0
2311,1
1146,0
2297,2
6025,1
3998,2
8292,0
9597,0
122,2
4524,0
4032,0
4105,1
5526,0
1716,0
448,1
442,1
4565,2
8447,2
8494,1
1399,1
4918,1
9782,2
8794,1
7585,1
6075,0
4003,1
2736,0
5104,1
8238,0
2191,1
5276,2
8964,0
7727,2
7944,0
6224,2
4076,2
3134,2
7067,2
7346,2
5691,0
8500,1
1574,2
9801,0
9982,1
3089,2
1552,1
3421,1
3343,1
832,1
4709,2
5745,0
8270,2
9275,2
7789,1
7031,2
8049,0
7227,0
2315,2
4689,0
5965,1
1191,0
9400,1
2377,1
6171,0
1441,1
3919,1
3934,1
9787,1
1092,0
4005,0
9035,2
5333,2
4712,2
8828,2
8579,2
5657,2
4422,0
3181,1
9182,2
4594,1
1331,2
7663,1
7924,1
2026,1
3000,0
8568,0
1597,1
1842,0
4798,1
4078,1
4222,1
9332,2
1585,1
7063,1
6889,1
3631,1
1826,2
3275,2
2051,2
4722,0
2344,1
8120,2
333,0
3571,1
9613,1
5445,0
7541,2
5275,1
6534,0
1770,0
5309,2
2503,1
2437,1
2592,0
4802,2
7122,0
2959,1
7544,2
1545,0
8026,1
7158,0
5635,1
1247,2
8999,2
2494,1
5852,2
7137,0
1261,1
9429,0
6117,0
1925,2
5292,0
6750,0
8375,2
3307,1
7553,2
5779,1
4719,0
4954,1
4225,1
1378,1
7568,2
8353,1
2415,0
2788,1
2073,0
6509,2
7256,2
7258,1
567,0
1099,1
9398,2
5585,2
1616,2
2956,1
4851,0
6948,0
4497,0
2836,1
882,0
1364,2
6852,0
1072,1
9733,1
8588,2
8256,0
9929,2
2744,2
7891,1
9440,2
8352,0
8837,2
9172,1
2172,0
9681,0
8681,2
8918,2
9918,0
9559,1
7228,1
9161,2
4696,1
4234,1
6283,1
3445,1
4678,1
4509,0
8950,1
4018,1
4354,1
9945,0
4579,1
1023,0
1665,0
3306,0
3576,0
4493,2
6137,2
7645,1
5072,2
9194,2
369,0
9333,0
8312,2
2628,0
9557,2
8071,1
6584,2
3850,1
9831,0
8524,1
9696,0
7301,2
8401,1
5165,2
2873,2
2855,2
5753,2
8142,0
6744,0
1501,1
3527,2
7194,0
4271,2
2507,2
8504,2
6594,0
2211,0
2158,1
3325,1
557,2
7910,2
8493,0
952,1
8585,2
8328,0
4233,0
8755,1
3625,1
4545,0
185,2
3503,2
259,1
5915,2
7324,1
1375,1
9755,2
3987,0
6826,1
2039,2
6550,1
1165,1
2133,0
7672,1
627,0
2119,1
1757,2
5398,1
7005,0
7844,2
399,0
177,0
6230,2
8290,1
2339,2
5642,2
8972,2
3261,0
6375,0
2784,0
7580,2
4260,0
2432,2
2851,1
2387,2
459,0
4576,1
521,2
2341,1
8628,0
9668,2
2732,2
2835,0
4776,0
9623,2
4305,0
2184,0
5157,0
1320,0
2854,1
2670,0
529,1
8503,1
6986,2
9590,2
6809,2
3951,0
9195,0
1868,2
9299,2
4587,0
2067,0
8498,2
9924,0
4244,2
3697,1
1875,0
9654,0
5895,0
7071,0
7272,0
6982,1
5507,2
7618,1
8059,1
1664,2
2598,0
8211,0
8811,0
6707,2
6961,1
4104,0
9986,2
1401,0
6305,2
8858,2
6385,1
1951,1
8119,1
3581,2
8659,1
525,0
5404,1
3220,1
3931,1
3912,0
15,0
3684,0
6190,1
4541,2
7416,0
6294,0
5125,1
8869,1
665,2
6646,1
9013,1
8719,1
3012,0
1754,2
4041,0
9577,1
8221,1
7560,0
4206,0
2846,2
1082,2
9220,1
3876,0
4015,1
364,1
2613,0
7609,1
6573,0
8642,2
8081,2
8063,2
3390,0
4520,2
3294,0
1013,2
824,2
3435,0
1318,1
7858,1
4820,2
6740,2
6421,1
3672,0
6311,2
2374,1
2637,0
3041,2
1053,0
2977,1
6306,0
8265,0
8727,0
6834,0
7998,0
8903,2
858,0
7733,2
9813,0
3258,0
2466,0
905,2
1462,1
3081,0
4692,0
9465,0
8298,0
1669,1
5936,2
923,2
6457,1
7365,0
9441,0
2756,2
8912,2
7335,0
5789,2
1544,2
676,1
2808,0
1642,1
4109,2
2958,0
5433,0
1855,1
3429,0
7117,1
1807,1
1767,0
6386,2
26,2
9887,2
4679,2
4532,2
382,1
8125,1
7283,2
6951,0
8138,2
8874,0
6589,1
3380,2
3675,0
8346,0
9874,1
2933,2
8596,1
7632,0
4515,0
7914,0
7446,0
8612,2
719,2
8771,2
8394,0
549,0
5624,2
275,2
114,0
1788,0
493,1
1661,2
2285,2
685,1
8462,2
651,0
5903,2
7407,0
1828,1
5377,1
9648,0
9123,0
758,2
1166,2
5997,0
1956,0
8427,0
4098,0
1007,2
5743,1
8334,0
7046,2
9439,1
5545,1
7456,1
9010,1
3200,2
7431,0
6539,2
4835,2
7006,1
5311,1
5267,2
2831,2
6161,2
8952,0
4958,2
1780,1
6344,2
3709,1
2336,2
1996,1
2914,1
99,0
5179,1
9843,0
5727,0
8073,0
3193,1
9930,0
3508,1
7477,1
7959,0
725,2
9062,2
4754,2
5873,2
1548,0
1246,1
9184,1
6223,1
4749,0
9071,2
7807,1
6698,2
9810,0
1510,1
7327,1
1365,0
9600,0
2378,2
430,1
9060,0
9186,0
7576,1
6261,0
8978,2
1051,1
2236,1
6932,2
6094,1
2472,0
9779,2
8260,1
830,2
3085,1
1202,2
9649,1
595,1
9323,2
8274,0
8194,1
3911,2
293,2
3704,2
726,0
2316,0
1705,1
7803,0
6884,2
1787,2
9532,1
8559,0
5004,0
6689,2
8892,0
4130,2
9357,0
289,1
4133,2
6915,0
6583,1
3257,2
2720,2
4477,1
1698,0
2175,0
9306,0
3015,0
2128,1
9731,2
5988,0
3144,0
6865,1
3543,0
460,1
2115,0
9350,2
4557,0
9806,2
6232,1
2288,2
9310,1
7760,2
9063,0
7343,2
2441,2
8077,1
3328,1
1589,2
2580,0
764,2
5825,2
1054,1
440,2
7141,1
511,1
9569,2
7978,1
7658,2
3648,0
1183,1
221,2
7785,0
9897,0
3168,0
1737,0
3988,1
5076,0
9608,2
7683,0
9878,2
4496,2
1457,2
3557,2
3769,1
5384,2
8258,2
7678,1
249,0
6811,1
7271,2
6006,0
1853,2
2487,0
4727,2
1005,0
8349,0
7501,1
8050,1
62,2
296,2
5177,2
9328,1
4243,1
2029,1
7358,2
3202,1
8019,0
9776,2
8961,0
1131,0
1140,0
2333,2
979,1
7487,2
6919,1
4467,0
3285,0
4113,0
7757,2
2758,1
3289,1
5547,0
9078,0
9932,2
900,0
4642,1
8303,2
3641,2
8300,2
3206,2
791,2
242,2
2302,1
6225,0
6605,2
9672,0
7484,2
2059,1
996,0
6930,0
9494,2
4236,0
4409,2
8989,1
3674,2
5871,0
9977,2
9335,2
3273,0
4115,2
9790,1
3478,1
1571,2
696,0
7179,0
5118,0
5315,2
3680,2
5055,0
2322,0
3018,0
8369,2
3399,0
5170,1
9285,0
8641,1
9045,0
1288,1
9881,2
4182,0
6531,0
1408,1
6897,0
3586,1
4248,0
847,1
237,0
5667,0
4643,2
2323,1
6169,1
4125,0
3276,0
9761,2
7037,2
3382,1
1594,1
3186,0
9695,2
1599,0
6177,0
7386,0
2565,0
759,0
3825,0
8775,0
8460,0
734,2
2609,2
8519,2
1513,1
674,2
5204,2
1405,1
3466,1
8790,0
4615,1
4734,0
3968,2
4654,1
8827,1
7516,1
1967,2
6406,1
948,0
37,1
1810,1
7069,1
4758,0
3765,0
8530,1
1795,1
4521,0
4938,0
2088,0
5379,0
7237,1
8403,0
115,1
187,1
9563,2
1745,2
9146,2
6928,1
6270,0
5866,1
1404,0
8770,1
9451,1
8278,1
9612,0
4828,1
2164,1
2358,0
4946,2
7020,0
6101,2
8417,2
3905,2
2391,0
8589,0
973,1
5631,0
7320,0
495,0
1266,0
4158,0
403,1
6782,2
2568,0
3732,0
2995,1
2004,0
8233,1
3236,2
3690,0
1741,1
666,0
8457,0
7610,2
2061,0
5119,1
2292,0
3196,1
1437,0
7292,2
5916,0
425,2
4661,2
702,0
7314,0
1797,0
7881,0
485,2
5022,0
6063,0
3469,1
8410,1
2050,1
7172,2
9795,0
7095,0
3947,2
2886,0
4649,2
1652,2
3161,2
6272,2
1676,2
6080,2
2298,0
8710,1
3899,2
8802,0
9516,0
7861,1
8796,0
7469,2
9458,2
8154,0
3446,2
1859,2
5976,0
4849,1
9446,2
7846,1
2370,0
6757,1
5783,2
7512,0
6571,1
431,2
6649,1
5561,2
1475,2
3841,1
1656,0
6618,0
4082,2
4896,0
1360,1
9901,1
2342,2
9538,1
1732,1
4171,1
4676,2
7451,2
1067,2
610,1
5029,1
2579,2
2243,2
5052,0
5993,2
3233,2
9039,0
1879,1
1830,0
1119,0
1749,0
5784,0
872,2
3805,1
261,0
5229,0
2136,0
7200,0
5006,2
424,1
2464,1
2718,0
4475,2
9433,1
7898,2
921,0
1308,0
7070,2
2032,1
5957,2
8506,1
7385,2
2054,2
3701,2
1564,1
756,0
8335,1
1988,2
14,2
9140,2
3679,1
2165,2
4651,1
4998,0
8033,2
4523,2
1626,0
715,1
1325,2
5914,1
3544,1
6735,0
7862,2
8321,2
2043,0
8657,2
4741,1
8181,0
7960,1
9072,0
8202,0
2221,1
7082,2
8767,1
160,1
5592,0
6600,0
1935,0
5060,2
6483,0
8648,2
5260,1
598,1
9634,1
9988,1
1052,2
4686,0
9518,2
7575,0
5934,0
4534,1
5153,2
6515,2
6059,2
4548,0
2587,1
2872,1
4966,1
1167,0
6279,0
8106,0
6969,0
8844,0
1514,2
5342,2
6009,0
7900,1
5489,2
479,2
3479,2
2109,0
2049,0
2251,1
5431,1
4137,0
9603,0
1584,0
4583,2
7723,1
2548,1
1783,1
9006,0
7014,0
67,1
2599,1
9851,2
2118,0
4043,2
4203,0
3076,1
2791,1
3564,0
6253,1
4469,2
447,0
3892,1
5882,2
838,1
3923,2
9399,0
7656,0
2252,2
668,2
5193,0
7338,0
1225,1
1362,0
3254,2
6808,1
633,0
6842,2
6411,0
421,1
270,0
4599,0
3536,2
8038,1
5791,1
3147,0
6345,0
5748,0
5711,2
5744,2
1086,0
3309,0
3728,2
3268,1
2440,1
576,0
1887,0
7689,0
9471,0
3559,1
9395,2
7408,1
9815,2
1517,2
971,2
8180,2
3900,0
6991,1
1349,2
5519,2
5992,1
4340,2
5190,0
2667,0
6284,2
736,1
2087,2
6503,2
2612,2
1541,2
7474,1
4817,2
6686,2
5973,0
8291,2
9009,0
4298,2
4148,2
1591,1
8042,2
5145,0
8845,1
3886,1
8646,0
1895,2
17,2
9422,2
7940,2
3871,1
9723,0
9387,0
999,0
7349,2
1112,2
9711,0
796,1
1016,2
1980,0
6999,0
8348,2
6396,0
1634,2
2697,0
6427,1
4916,2
352,1
9978,0
9767,2
5063,2
5649,0
3059,2
3046,1
4421,2
7201,1
4425,0
3087,0
1526,2
5392,1
8682,0
1220,2
8362,1
3993,0
7977,0
7139,2
6937,1
3757,1
4519,1
8445,0
6339,0
6050,2
1914,0
4002,0
4836,0
4416,0
3234,0
7028,2
8772,0
7749,0
1838,2
8007,0
1933,1
3907,1
1204,1
704,2
3954,0
9048,0
8636,2
2818,1
227,2
1649,2
5368,1
1178,2
7848,0
3518,2
5348,2
9256,1
6614,2
7255,1
6348,0
51,0
8281,1
9916,1
329,2
8522,2
9425,2
5717,2
1864,1
5182,1
2966,2
8760,0
2381,2
1815,0
6542,2
6448,1
9023,2
975,0
6685,1
5928,0
6630,0
6040,1
747,0
7542,0
8268,0
1061,2
2786,2
8146,1
562,1
8552,2
1486,1
4627,1
3182,2
8563,1
6013,1
7399,1
7188,0
6346,1
9101,2
49,1
7232,2
1490,2
2717,2
2581,1
5986,1
9168,0
7704,0
7951,1
3066,0
6423,0
2171,2
2852,2
7929,0
1872,0
6446,2
4591,1
1328,2
3682,1
6572,2
6635,2
6498,0
2932,1
7398,0
6697,1
7140,0
4201,1
9975,0
2960,2
385,1
6623,2
5985,0
1388,2
7853,2
6178,1
664,1
2640,0
2862,0
1432,1
8382,0
2045,2
5677,1
8527,1
6619,1
2434,1
8421,0
5228,2
7920,0
9645,0
3082,1
7671,0
8683,1
8886,0
9052,1
3677,2
5594,2
8405,2
6340,1
8153,2
3425,2
4945,1
3337,1
9674,2
3639,0
7389,0
2422,1
5341,1
6383,2
9453,0
7267,1
9904,1
6392,2
6382,1
907,1
7288,1
1157,2
3137,2
2923,1
9480,0
1637,2
7009,1
4566,0
6538,1
6010,1
9098,2
220,1
9449,2
6033,0
8438,2
7842,0
9093,0
1759,1
777,0
9412,1
7391,2
2189,2
816,0
3693,0
7218,0
4967,2
2708,2
3602,2
8086,1
9846,0
5780,2
4826,2
6869,2
5087,2
6844,1
6412,1
1346,2
994,1
4728,0
3570,0
3756,0
4631,2
9714,0
2372,2
5166,0
6023,2
1142,2
4612,1
8008,1
6871,1
1468,1
4008,0
6593,2
1761,0
1772,2
9392,2
9212,2
5252,2
4153,1
731,2
5741,2
9999,0
149,2
3964,1
3845,2
1773,0
1474,1
1643,2
4192,1
7652,2
7279,1
6617,2
2238,0
64,1
4516,1
110,2
2815,1
7731,0
5582,2
7969,1
8776,1
1775,2
3185,2
2916,0
7096,1
564,0
6941,2
9248,2
9040,1
4854,0
5423,2
2481,0
9198,0
6543,0
807,0
4698,0
7248,0
9772,1
2992,1
3775,1
7572,0
4380,0
8965,1
823,1
6953,2
8586,0
2448,0
6793,1
9407,2
388,1
1989,0
1173,0
3219,0
9997,1
7252,1
9167,2
8647,1
9394,1
4575,0
5673,0
5730,0
3824,2
6795,0
8053,1
9273,0
4584,0
1979,2
7236,0
2899,1
4472,2
3027,0
8754,0
8717,2
7903,1
5511,0
1573,1
8902,1
6095,2
2071,1
8463,0
1038,0
4415,2
2148,0
9544,1
4767,0
4589,2
3,0
5037,0
6833,2
6776,2
2226,0
7270,1
4184,2
4172,2
5356,1
9378,0
8399,2
9358,1
2214,0
6788,2
8785,1
1148,2
9601,1
9728,2
8962,1
8104,1
2536,1
6838,1
748,1
9895,1
2101,1
5572,1
6610,1
3776,2
7266,0
6586,1
9513,0
6626,2
9757,1
9836,2
6437,2
8830,1
4132,1
1477,1
9042,0
9417,0
2271,0
9124,1
534,0
4690,1
178,1
3043,1
5351,2
3753,0
9027,0
1611,0
2299,1
9664,1
3772,1
2838,0
1970,2
206,2
1578,0
3274,1
8135,2
9539,2
5557,1
1844,2
5453,2
3718,1
3235,1
7738,1
1222,1
930,0
6416,2
8240,2
4424,2
1409,2
887,2
7945,1
2301,0
9389,2
7331,2
5622,0
3288,0
2824,1
1712,2
9748,1
5128,1
6138,0
4885,1
9960,0
2583,0
8313,0
6591,0
9526,1
2755,1
2495,2
4303,1
3791,2
321,0
1857,0
4253,2
8608,1
1854,0
1706,2
154,1
8766,0
305,2
2208,0
6621,0
4708,1
6602,2
474,0
4994,2
8439,0
2007,0
5776,1
5643,0
742,1
2031,0
2597,2
139,1
2774,2
6093,0
7865,2
587,2
8016,0
3981,0
3104,2
5044,1
6748,1
1905,0
1946,2
9579,0
4832,2
7414,1
935,2
5346,0
6760,1
8283,0
5921,2
2677,1
9651,0
4985,2
1623,0
2979,0
1663,1
6841,1
9921,0
8528,2
3321,0
1347,0
6693,0
8635,1
1521,0
3364,1
1350,0
3829,1
9284,2
5872,1
1999,1
7980,0
3064,1
9448,1
2482,1
3996,0
7364,2
2023,1
7587,0
5010,0
6363,0
2944,1
1694,2
5090,2
5473,1
773,2
6908,2
3017,2
6883,1
2795,2
1580,2
2290,1
4726,1
5133,0
9128,2
729,0
3743,2
5443,1
7079,2
5381,2
9607,1
535,1
8342,2
4490,2
1628,2
2539,1
5257,1
3880,1
9069,0
4326,0
9243,0
8526,0
9141,0
5378,2
3030,0
5625,0
8976,0
276,0
1077,0
6545,2
3738,0
342,0
144,0
225,0
8374,1
8235,0
1613,2
2577,0
1396,1
4729,1
2242,1
8875,1
7710,0
3403,1
946,1
7504,1
41,2
7821,0
9693,0
3483,0
7128,0
9179,2
7160,2
5121,0
2170,1
3067,1
6637,1
3347,2
7777,1
1766,2
9437,2
6530,2
4341,0
502,1
1149,0
5207,2
2668,1
4021,1
7404,0
9214,1
3881,2
7262,2
7155,0
2376,0
9799,1
1919,2
4807,1
4843,1
9791,2
7016,2
4808,2
8711,2
4209,0
2057,2
9147,0
2626,1
9519,0
2360,2
1294,1
8048,2
7041,0
5556,0
42,0
6529,1
5274,0
3605,2
7094,2
3857,2
8921,2
3205,1
454,1
4877,2
4246,1
5237,2
1015,1
9942,0
8915,2
2102,2
5801,2
3716,2
8871,0
1073,2
9197,2
7661,2
7289,2
2474,2
3260,2
1381,1
9405,0
5713,1
5945,2
7581,0
7736,2
9482,2
3802,1
690,0
4683,0
8626,1
7162,1
6592,1
7400,2
1867,1
9410,2
8384,2
4336,1
8629,1
4777,1
3916,1
2901,0
8206,1
9517,1
1771,1
3523,1
5124,0
4872,0
3130,1
874,1
1850,2
6633,0
849,0
8981,2
5073,0
2716,1
9011,2
3578,2
2492,2
7372,1
7851,0
2188,1
1337,2
9596,2
315,0
8232,0
7705,1
8988,0
986,2
572,2
5299,1
7010,2
7174,1
8144,2
7054,1
2657,2
1942,1
5956,1
682,1
9204,0
8840,2
9133,1
6259,1
2712,0
8127,0
3644,2
9073,1
7952,2
7551,0
8572,1
7507,1
6784,1
8716,1
6874,1
9487,1
7538,2
2955,0
9244,1
2382,0
8582,2
3396,0
3442,1
7641,0
7291,1
6859,1
878,2
7144,1
3723,0
2052,0
2809,1
6643,1
7401,0
1357,1
5565,0
5490,0
4394,2
738,0
2062,1
698,2
3323,2
9307,1
3721,1
2726,2
9202,1
5559,0
1820,2
2972,2
1179,0
5468,2
1537,1
3553,1
4051,1
6255,0
5867,2
5421,0
5818,1
5243,2
3894,0
6861,0
2698,1
9947,2
6320,2
9160,1
3122,2
9971,2
6914,2
5948,2
1048,1
4097,2
570,0
7049,2
728,2
1542,0
3533,2
6395,2
5108,2
5395,1
6215,2
9561,0
8685,0
2576,2
7604,2
9434,2
7721,2
1581,0
6263,2
2155,1
8481,0
5481,0
5593,1
7517,2
1463,2
6249,0
9231,0
3497,2
9270,0
57,0
1912,1
509,2
3801,0
9373,1
7198,1
1307,2
2650,1
3040,1
4141,1
8214,0
6227,2
4969,1
484,1
8690,2
9149,2
4968,0
3952,1
1497,0
8551,1
9506,2
2876,2
8465,2
4665,0
4879,1
6243,0
6099,0
2436,0
3322,1
7438,1
4861,1
7763,2
8029,1
3541,1
4506,0
5161,1
3035,2
4779,0
5367,0
2373,0
5821,1
8842,1
8815,1
8025,0
7023,0
3524,2
6711,0
6688,1
3926,2
450,0
406,1
1108,1
5251,1
2988,0
4068,0
4556,2
1125,0
6868,1
9456,0
2704,1
8890,1
7315,1
4914,0
9805,1
2357,2
5216,2
1438,1
3505,1
3580,1
4878,0
1606,1
59,2
6939,0
8055,0
7722,0
5113,1
6293,2
4900,1
3074,2
4444,1
5035,1
2947,1
4180,1
9823,1
3367,1
647,2
4889,2
4971,0
1553,2
1234,1
6089,2
8249,2
5425,1
644,2
7765,1
5806,1
3068,2
3809,2
3937,1
8176,1
2480,2
7022,2
1336,1
6254,2
5418,0
5891,2
531,0
9173,2
1368,0
5075,2
3336,0
5886,0
4285,1
9420,0
1993,1
6492,0
1155,0
88,1
8411,2
1197,0
4705,1
5775,0
6221,2
4030,1
5908,1
4268,2
9481,1
2444,2
9908,2
8849,2
8109,0
1284,0
5621,2
7478,2
8458,1
639,0
5344,1
5325,0
585,0
433,1
8110,1
3311,2
7068,0
9922,1
9708,0
1632,0
9703,1
8216,2
1917,0
2688,0
2918,2
5158,1
2679,0
8293,1
1171,1
650,2
492,0
1210,1
7552,1
4730,2
7643,2
7675,1
7674,0
5756,2
1277,2
4418,2
7235,2
6042,0
1427,2
2068,1
6413,2
9756,0
6660,0
9699,0
3862,1
1302,0
5101,1
5665,1
171,0
4793,2
5737,1
8246,2
2950,1
3029,2
2217,0
4383,0
7,1
2041,1
4183,1
6668,2
8350,1
4438,1
2250,0
6625,1
5626,1
4904,2
5747,2
4801,1
1417,1
692,2
444,0
48,0
3744,0
3585,0
4479,0
5261,2
7921,1
8112,0
3893,2
2761,1
3488,2
2459,2
4911,0
7007,2
1040,2
8456,2
8461,1
7751,2
804,0
7810,1
9912,0
5142,0
8597,2
558,0
5899,1
6564,0
5132,2
2680,1
5457,0
3313,1
8655,0
8448,0
6875,2
7745,2
8341,1
1920,0
4989,0
5245,1
8364,0
4476,0
3460,1
2905,1
2879,2
5480,2
8983,1
4788,0
9474,0
8750,2
4126,1
794,2
8741,2
5298,0
2368,1
7442,2
1199,2
3002,2
8538,0
8826,0
5800,1
3475,1
8707,1
7831,1
1534,1
8437,1
9684,0
4458,0
4245,0
3619,1
2486,2
5842,1
7134,0
8701,1
835,1
4187,2
5576,2
2504,2
9537,0
9181,1
7259,2
7099,1
9675,0
8273,2
5201,2
6136,1
4378,1
2699,2
7377,0
9496,1
6154,1
8971,1
7075,1
2082,0
8908,1
2354,2
9549,0
6220,1
1434,0
1569,0
6653,2
4772,2
2866,1
8870,2
4330,1
8034,0
7491,0
5716,1
6440,2
8564,2
9084,0
5885,2
600,0
4473,0
6786,0
6158,2
8756,2
5940,0
5154,0
9233,2
8028,0
5733,0
6885,0
3491,2
2083,1
6184,1
4897,1
530,2
2120,2
9841,1
1487,2
7768,1
1242,0
4001,2
3232,1
9907,1
7748,2
2969,2
76,1
5005,1
6521,2
6366,0
8986,1
4637,2
2776,1
6807,0
407,2
2789,2
9839,2
1098,0
1903,1
7624,1
1084,1
7244,2
9421,1
9902,2
1037,2
9762,0
8332,1
4010,2
6499,1
312,0
6983,2
4237,1
5327,2
1713,0
346,1
4869,0
4908,0
5032,1
5707,1
5777,2
1250,2
2479,1
2468,2
7946,2
1315,1
841,1
2429,2
3106,1
2589,0
3146,2
2139,0
9411,0
6661,1
8566,1
7072,1
264,0
3036,0
2224,1
1984,1
4261,1
7470,0
2108,2
1429,1
7532,2
2351,2
7432,1
5422,1
7097,2
1502,2
7231,1
9143,2
5907,0
4790,2
1208,2
1978,1
5990,2
8261,2
5960,2
2937,0
5213,2
137,2
1819,1
6494,2
4455,0
4369,1
1593,0
3197,2
6419,2
7543,1
1324,1
2282,2
341,2
5492,2
9783,0
9706,1
8946,0
2509,1
9125,2
4552,1
6450,0
9734,2
6467,2
1981,1
6922,1
9014,2
1045,1
8272,1
6944,2
4426,1
7995,0
8947,1
5758,1
3373,1
9408,0
5824,1
9030,0
9263,2
7287,0
4482,0
3208,1
8725,1
9490,1
7737,0
6062,2
1270,1
6408,0
9117,0
2477,2
3956,2
210,0
659,2
7170,0
1056,0
4120,1
2903,2
6269,2
3404,2
3071,2
6827,2
432,0
5930,2
4606,1
6287,2
8212,1
9800,2
3420,0
7936,1
4863,0
8791,1
6712,1
965,2
4114,1
783,0
5284,1
2092,1
1339,1
9508,1
4902,0
6012,0
3227,2
1631,2
9991,1
4274,2
6964,1
9753,0
2892,0
8872,1
7816,1
8468,2
4311,0
2777,2
5540,2
1916,2
1319,2
5449,1
6820,1
4763,2
4622,2
798,0
5586,0
2552,2
1592,2
877,1
4720,1
781,1
370,1
2848,1
1027,1
4871,2
6166,1
8567,2
4025,2
1109,2
957,0
8743,1
1292,2
